Cincinnati Bengals,CIN
QB,Andy Dalton,27,2012,50,81,93,86,78,71,9.5,2
QB,Josh Johnson,29,2008,85,65,83,87,68,86,6.5,4
QB,A.J. McCarron,24,2013,101,65,91,84,72,64,6.1,5
RB,Jeremy Hill,22,2016,90,78,86,115,88,85,4.5,5
RB,Cedric Peerman,28,2011,94,70,85,84,90,89,2.9,2
RB,Giovani Bernard,23,2015,80,77,81,76,87,95,2.7,3
RB,Rex Burkhead,25,2013,58,68,90,84,80,88,2.5,2
WR,A.J. Green,27,2010,92,87,95,93,87,94,5.4,1
WR,Marvin Jones,25,2012,89,74,84,84,88,89,3.9,3
WR,Mohamed Sanu,26,2012,58,75,90,78,86,87,3.6,3
WR,Denarius Moore,26,2013,93,74,80,74,89,93,3.4,1
WR,Brandon Tate,27,2010,50,78,85,71,88,87,3.4,3
WR,James Wright,23,2016,103,64,87,72,90,90,3.0,3
OL,Andrew Whitworth,31,2007,93,96,85,92,89,98,5.7,3
OL,Kevin Zeitler,30,2008,53,83,87,83,92,85,4.4,4
OL,Andre Smith,34,2003,68,77,86,91,85,88,4.3,2
OL,Russell Bodine,25,2013,53,75,87,90,82,74,3.7,4
OL,Clint Boling,29,2009,90,83,90,58,90,80,3.0,1
OL,Eric Winston,24,2013,100,84,87,61,74,72,2.2,3
OL,Cedric Ogbuehi,29,2010,83,65,78,67,81,85,2.2,4
OL,T.J. Johnson,26,2012,85,65,80,78,76,75,2.3,4
OL,Tanner Hawkinson,32,2006,85,63,83,71,73,82,2.0,2
OL,Jake Fisher,29,2009,88,60,82,64,75,87,1.8,4
K,Mike Nugent,33,2004,92,77,82,91,83,51,2.5,4
S,Reggie Nelson,31,2006,65,81,92,79,89,69,4.5,3
S,George Iloka,25,2014,91,78,85,81,84,65,3.8,2
CB,Leon Hall,30,2008,85,90,89,85,87,117,5.0,1
CB,Adam Jones,31,2006,97,84,87,82,86,93,4.0,2
CB,Dre Kirkpatrick,25,2012,99,70,85,77,87,115,3.6,4
CB,Darqueze Dennard,23,2014,90,61,89,75,91,119,3.5,5
CB,Chris Lewis-Harris,26,2013,61,67,83,68,88,96,2.7,2
CB,Josh Shaw,23,2015,105,42,80,72,91,117,2.4,4
DL,Geno Atkins,27,2012,89,87,84,89,77,79,3.9,3
DL,Carlos Dunlap,26,2011,68,81,74,79,82,77,3.2,2
DL,Domata Peko,30,2008,88,87,83,87,71,63,3.1,3
DL,Pat Sims,29,2009,58,76,83,89,81,65,3.3,3
DL,Michael Johnson,28,2011,59,79,80,73,81,72,2.8,3
DL,Kwame Geathers,32,2005,74,64,78,89,87,66,3.1,2
DL,Wallace Gilberry,30,2009,63,78,85,74,70,72,2.4,4
DL,Margus Hunt,28,2010,95,60,84,88,75,72,2.6,2
LB,Vontaze Burfict,24,2014,83,78,94,90,75,77,3.6,5
LB,Rey Maualuga,28,2010,57,88,92,87,72,71,3.6,3
LB,A.J. Hawk,31,2006,76,84,92,77,73,77,3.1,4
LB,Vincent Rey,28,2011,73,75,87,87,67,74,2.8,2
LB,Nico Johnson,30,2009,71,66,85,87,68,64,2.3,1
LB,Chris Carter,26,2012,91,69,85,76,72,61,2.1,4
END_PLAYERS
Baltimore Ravens,BAL
QB,Joe Flacco,30,2007,64,86,92,97,81,69,11.9,4
QB,Matt Schaub,34,2004,60,82,86,81,73,54,7.7,1
QB,Bryn Renner,32,2005,94,49,86,82,70,72,4.1,4
RB,Javorius Allen,23,2015,92,52,83,96,88,83,2.6,5
RB,Justin Forsett,29,2009,102,83,85,84,86,94,3.2,2
RB,Terrence Magee,22,2016,92,39,83,98,87,74,2.1,3
RB,Lorenzo Taliaferro,23,2015,85,57,88,110,86,82,3.3,4
WR,Steve Smith Sr.,30,2008,76,96,94,89,83,87,5.1,2
WR,Marlon Brown,24,2014,95,74,80,83,83,87,3.4,4
WR,Aldrick Robinson,32,2006,51,71,81,74,91,93,3.4,1
WR,Michael Campanaro,24,2014,93,65,88,77,90,88,3.3,4
WR,Kamar Aiken,26,2013,50,73,78,77,88,85,3.3,3
WR,Breshad Perriman,23,2016,101,53,83,76,97,90,3.1,4
OL,Marshal Yanda,33,2006,68,90,92,92,99,90,6.1,3
OL,Kelechi Osemele,33,2005,76,81,77,87,94,84,4.4,2
OL,Eugene Monroe,29,2010,88,87,87,79,75,90,3.6,2
OL,Rick Wagner,31,2007,77,79,85,81,80,96,3.7,3
OL,Jeremy Zuttah,30,2007,74,83,84,75,92,73,3.7,4
OL,Jah Reid,30,2008,79,66,87,77,83,75,2.7,4
OL,John Urschel,26,2011,84,75,87,60,77,84,2.2,2
OL,Marcel Jones,29,2010,86,65,78,71,73,81,2.0,3
OL,James Hurst,32,2006,84,71,79,65,77,69,1.9,2
OL,Ryan Jensen,34,2004,84,52,86,79,83,76,2.3,4
K,Justin Tucker,25,2013,60,85,80,98,95,51,3.5,4
S,Will Hill,25,2013,72,76,86,80,82,77,3.8,4
S,Kendrick Lewis,27,2012,77,78,86,74,81,77,3.6,4
CB,Jimmy Smith,27,2012,103,79,90,86,89,120,4.8,4
CB,Lardarius Webb,29,2009,107,83,86,82,90,98,4.2,1
CB,Kyle Arrington,29,2010,91,82,81,79,86,100,3.7,4
CB,Anthony Levine,28,2011,104,70,81,72,86,117,3.2,2
CB,Cassius Vaughn,27,2012,55,73,78,74,88,91,3.0,3
CB,Rashaan Melvin,25,2013,60,65,82,73,90,95,2.9,1
DL,Chris Canty,32,2006,51,87,85,86,86,75,4.2,1
DL,Brandon Williams,26,2013,81,79,77,96,91,76,4.5,1
DL,Lawrence Guy,25,2012,83,72,86,84,82,70,3.1,4
DL,Timmy Jernigan,22,2016,103,70,82,84,83,78,3.2,3
DL,DeAngelo Tyson,26,2013,83,70,81,85,78,65,2.7,3
DL,Christo Bilukidi,33,2005,71,62,76,85,79,70,2.5,1
DL,Kapron Lewis-Moore,25,2013,61,55,78,89,84,73,2.7,2
DL,Carl Davis,23,2014,85,53,75,88,84,73,2.6,4
LB,Terrell Suggs,32,2007,64,94,93,92,88,66,5.0,1
LB,Daryl Smith,33,2004,53,95,89,92,74,82,4.5,3
LB,C.J. Mosley,23,2016,97,79,90,96,76,77,4.0,5
LB,Elvis Dumervil,31,2006,84,92,82,75,85,70,3.6,2
LB,Courtney Upshaw,25,2012,56,77,91,88,78,64,3.3,3
LB,Arthur Brown,27,2010,78,62,89,87,71,69,2.4,4
END_PLAYERS
Pittsburgh Steelers,PIT
QB,Ben Roethlisberger,33,2005,85,95,94,94,83,68,13.5,4
QB,Bruce Gradkowski,32,2006,62,74,83,78,72,72,6.9,3
QB,Landry Jones,24,2013,83,53,90,92,74,54,5.1,4
RB,Le'Veon Bell,23,2014,85,79,88,107,88,95,4.3,3
RB,DeAngelo Williams,32,2007,57,87,88,72,85,89,2.8,3
RB,Josh Harris,31,2007,107,54,82,82,90,90,2.3,1
RB,Dri Archer,24,2014,88,55,82,69,96,92,2.1,4
WR,Antonio Brown,27,2012,107,96,85,98,90,97,6.2,4
WR,Martavis Bryant,23,2015,99,70,84,86,91,90,4.0,5
WR,Markus Wheaton,24,2015,91,75,87,77,89,92,3.7,4
WR,Darrius Heyward-Bey,28,2010,86,74,84,68,92,85,3.2,1
WR,Sammie Coates,23,2014,84,48,87,75,91,86,2.6,4
WR,C.J. Goodwin,28,2009,79,41,80,66,91,89,1.9,2
OL,Maurkice Pouncey,27,2011,86,80,89,84,91,89,4.4,4
OL,Kelvin Beachum,34,2003,94,82,82,75,83,97,3.6,1
OL,David DeCastro,25,2012,56,78,91,87,83,88,4.1,4
OL,Marcus Gilbert,26,2011,63,79,83,90,84,85,4.1,3
OL,Ramon Foster,24,2013,93,82,82,73,78,86,3.0,3
OL,Cody Wallace,25,2013,61,72,87,74,74,81,2.5,3
OL,Mike Adams,34,2004,50,74,85,68,80,71,2.4,3
OL,Greg Warren,26,2013,78,80,83,59,69,75,1.8,3
OL,B.J. Finney,32,2007,66,63,86,72,75,78,2.1,3
OL,Reese Dismukes,34,2004,93,63,86,69,78,72,2.0,2
K,Shaun Suisham,33,2004,62,77,74,87,96,52,2.7,4
S,Mike Mitchell,28,2011,54,76,90,68,87,71,3.4,1
S,Will Allen,33,2004,87,78,86,69,79,73,3.2,2
CB,William Gay,30,2007,110,93,89,84,85,124,5.2,3
CB,Cortez Allen,26,2011,102,74,83,75,86,100,3.3,4
CB,Senquez Golson,23,2016,96,61,85,75,90,73,2.5,4
CB,Doran Grant,28,2011,57,55,88,66,91,102,2.5,4
CB,Antwon Blake,25,2014,73,60,81,66,93,90,2.4,1
CB,B.W. Webb,25,2013,89,61,83,72,87,73,2.2,2
DL,Matt Conrath,28,2011,55,60,84,76,73,69,1.9,2
DL,Clifton Geathers,32,2007,55,71,80,81,82,69,2.8,4
DL,Cameron Heyward,26,2013,88,83,88,90,89,78,4.5,1
DL,Daniel McCullers,23,2015,82,59,77,88,86,67,2.8,3
DL,Steve McLendon,29,2010,79,82,81,87,91,76,4.2,4
DL,Cam Thomas,28,2011,87,74,82,94,78,68,3.4,2
DL,Stephon Tuitt,22,2016,81,72,78,91,78,72,3.2,5
DL,L.T. Walton,31,2006,63,46,80,85,77,67,1.9,3
LB,Lawrence Timmons,29,2008,66,90,89,93,85,73,4.7,1
LB,James Harrison,37,2000,89,93,90,82,75,70,3.6,1
LB,Arthur Moats,27,2012,91,78,82,80,82,64,3.0,4
LB,Vince Williams,25,2012,64,72,84,85,74,64,2.7,2
LB,Ryan Shazier,23,2016,101,68,86,85,74,63,2.5,5
LB,Sean Spence,29,2010,60,72,83,77,69,73,2.2,4
END_PLAYERS
Cleveland Browns,CLE
QB,Josh McCown,36,2001,93,75,79,83,72,72,7.3,4
QB,Thad Lewis,28,2010,61,65,84,88,69,74,6.5,1
QB,Johnny Manziel,22,2017,83,55,92,89,72,91,6.5,5
RB,Isaiah Crowell,22,2015,95,63,84,107,86,92,3.5,4
RB,Shaun Draughn,27,2012,85,72,84,101,82,85,3.2,3
RB,Terrance West,24,2015,108,68,89,90,87,86,3.0,4
RB,Duke Johnson,23,2015,93,60,76,82,90,88,2.3,3
WR,Andrew Hawkins,29,2008,91,83,79,85,90,98,4.6,1
WR,Dwayne Bowe,30,2007,71,84,94,86,83,83,4.3,4
WR,Josh Gordon,24,2013,109,70,86,89,90,92,4.2,3
WR,Brian Hartline,28,2011,58,87,83,83,84,84,4.1,4
WR,Taylor Gabriel,24,2014,80,74,76,80,92,94,3.8,4
WR,Travis Benjamin,25,2012,109,75,78,75,93,96,3.7,4
OL,Joe Thomas,24,2014,108,92,96,94,90,96,6.0,3
OL,Alex Mack,26,2013,88,85,92,86,92,86,4.9,3
OL,John Greco,32,2006,62,82,87,75,93,82,3.9,4
OL,Joel Bitonio,29,2010,76,72,90,73,93,91,3.7,1
OL,Mitchell Schwartz,29,2010,71,78,87,78,72,89,3.0,3
OL,Michael Bowie,32,2007,72,67,83,70,85,72,2.4,4
OL,Cameron Erving,31,2008,51,58,83,73,82,85,2.3,4
OL,Andrew McDonald,28,2011,84,65,87,59,75,79,1.7,2
OL,Ryan Seymour,32,2007,76,64,83,65,80,70,1.9,4
OL,Vinston Painter,29,2010,62,56,80,66,76,77,1.6,3
K,Carey Spear,23,2016,85,52,87,91,77,94,2.2,4
S,Tashaun Gipson,25,2014,90,81,89,83,83,76,4.5,2
S,Donte Whitner,30,2009,53,83,89,75,86,81,4.5,2
CB,Joe Haden,26,2012,108,86,94,90,88,102,5.0,4
CB,Tramon Williams,32,2006,62,89,88,86,84,73,3.9,2
CB,K'Waun Williams,24,2014,105,74,85,82,87,96,3.6,5
CB,Justin Gilbert,23,2016,92,68,91,77,93,90,3.4,5
CB,Ifo Ekpre-Olomu,27,2011,81,55,80,75,88,119,2.9,4
CB,Robert Nelson,30,2008,109,46,84,70,90,105,2.3,1
DL,Desmond Bryant,29,2008,51,79,79,85,85,72,3.5,3
DL,Xavier Cooper,23,2016,98,46,85,81,73,69,1.7,4
DL,John Hughes,26,2012,86,75,80,85,86,80,3.6,2
DL,Ishmaa'ily Kitchen,33,2004,88,68,77,91,82,66,3.1,1
DL,Danny Shelton,23,2016,95,65,83,93,87,71,3.5,4
DL,Randy Starks,31,2006,89,89,86,92,77,72,4.1,2
DL,Phil Taylor,32,2006,56,74,75,92,84,73,3.6,3
DL,Billy Winn,26,2013,80,72,83,78,82,72,2.8,2
LB,Karlos Dansby,33,2004,64,94,88,93,71,83,4.3,1
LB,Paul Kruger,29,2010,87,87,92,85,83,71,4.0,3
LB,Craig Robertson,27,2010,57,80,86,86,72,76,3.2,1
LB,Barkevious Mingo,24,2014,97,74,85,85,82,65,3.2,5
LB,Chris Kirksey,23,2014,101,74,83,83,61,73,2.2,5
LB,Tank Carder,26,2012,68,66,92,83,60,62,1.9,1
END_PLAYERS
New York Jets,NYJ
QB,Ryan Fitzpatrick,32,2005,58,82,83,80,75,74,8.6,3
QB,Bryce Petty,23,2014,110,48,83,91,73,76,5.1,4
QB,Geno Smith,24,2013,109,66,92,91,73,84,8.1,3
RB,Chris Ivory,27,2012,92,78,78,120,86,77,4.3,2
RB,Zac Stacy,24,2014,87,75,90,107,86,84,3.9,3
RB,Stevan Ridley,26,2013,100,74,87,114,81,81,3.8,1
RB,Bilal Powell,26,2011,56,75,82,89,86,83,2.9,3
WR,Brandon Marshall,31,2007,66,92,93,89,82,88,4.9,4
WR,Eric Decker,28,2011,71,89,92,89,84,85,4.7,3
WR,Jeremy Kerley,26,2011,88,81,84,84,84,92,4.0,2
WR,T.J. Graham,26,2012,65,70,80,75,90,90,3.3,4
WR,Devin Smith,23,2016,93,59,88,77,92,89,3.2,4
WR,Chris Owusu,25,2014,70,65,82,71,93,85,3.0,4
OL,Nick Mangold,30,2008,100,97,92,82,93,90,5.4,3
OL,D'Brickashaw Ferguson,24,2015,81,90,91,79,79,89,4.0,5
OL,James Carpenter,30,2007,79,79,87,74,79,82,3.0,4
OL,Breno Giacomini,25,2013,85,81,86,65,81,78,2.7,2
OL,Oday Aboushi,24,2013,102,71,88,75,84,77,2.9,3
OL,Willie Colon,25,2013,55,83,79,67,68,87,2.3,1
OL,Dalton Freeman,25,2013,72,67,87,85,78,72,2.9,2
OL,James Brewer,29,2009,93,69,81,64,84,72,2.2,3
OL,Brian Winters,34,2003,65,72,88,64,76,69,2.0,2
OL,Ben Ijalana,28,2009,58,54,84,72,75,83,1.9,2
K,Nick Folk,30,2008,51,76,74,88,90,79,2.9,3
S,Marcus Gilchrist,26,2013,81,75,89,74,88,72,3.6,2
S,Calvin Pryor,23,2014,110,73,89,71,86,79,3.4,3
CB,Darrelle Revis,30,2007,82,98,83,96,88,107,5.8,3
CB,Antonio Cromartie,31,2007,110,89,83,85,87,91,4.3,1
CB,Buster Skrine,26,2011,92,79,83,80,91,95,3.9,1
CB,Dee Milliner,34,2005,51,67,90,76,92,108,3.6,3
CB,Darrin Walls,27,2010,91,71,84,74,89,103,3.3,3
CB,Curtis Brown,29,2008,71,64,82,69,88,98,2.6,1
DL,T.J. Barnes,25,2012,50,67,76,91,82,64,3.0,1
DL,Stephen Bowen,31,2007,87,78,84,85,77,67,3.1,4
DL,Damon Harrison,26,2011,105,83,82,92,97,78,5.0,1
DL,Sheldon Richardson,24,2014,109,81,85,88,97,82,4.8,4
DL,Deon Simon,26,2012,85,48,73,93,82,65,2.3,3
DL,Kevin Vickerson,24,2013,106,80,76,88,83,69,3.5,4
DL,Muhammad Wilkerson,25,2012,104,82,91,94,96,85,5.4,2
DL,Leonard Williams,23,2015,109,56,81,87,86,80,3.0,5
LB,Jason Babin,34,2005,67,86,84,86,74,63,3.2,4
LB,David Harris,31,2006,78,90,90,85,64,75,3.2,4
LB,Demario Davis,26,2013,77,78,82,92,69,72,3.1,3
LB,Joe Mays,30,2007,59,81,91,87,71,64,3.1,2
LB,Calvin Pace,34,2004,62,85,87,81,68,73,2.9,4
LB,Quinton Coples,25,2013,60,77,84,83,77,62,2.9,4
END_PLAYERS
Buffalo Bills,BUF
QB,Matt Cassel,33,2006,94,80,86,82,73,69,8.1,2
QB,E.J. Manuel,29,2009,81,65,89,93,70,85,7.7,4
QB,Tyrod Taylor,26,2011,62,65,83,90,70,87,7.3,4
RB,Fred Jackson,34,2004,71,92,86,109,81,82,4.3,1
RB,Boobie Dixon,32,2006,102,75,86,112,80,75,3.6,3
RB,LeSean McCoy,27,2012,84,87,90,82,88,99,3.6,4
RB,Bryce Brown,24,2015,101,65,78,104,88,91,3.4,5
WR,Percy Harvin,27,2010,103,87,80,84,89,98,4.7,1
WR,Sammy Watkins,22,2017,97,74,90,87,92,96,4.6,5
WR,Robert Woods,23,2016,104,75,88,85,90,87,4.1,3
WR,Marquise Goodwin,24,2014,104,67,82,73,95,92,3.4,3
WR,Chris Hogan,26,2013,82,66,83,80,84,88,3.1,4
WR,Marcus Easley,27,2012,83,65,77,72,89,84,2.7,1
OL,Cordy Glenn,26,2011,96,81,85,88,84,92,4.3,1
OL,Kraig Urbik,26,2011,50,85,85,80,70,85,3.1,2
OL,Eric Wood,33,2004,52,86,84,75,82,80,3.4,4
OL,Richie Incognito,34,2004,54,73,87,74,82,78,2.9,2
OL,Seantrel Henderson,34,2003,56,71,72,67,78,82,2.1,3
OL,John Miller,30,2008,68,63,83,77,84,75,2.6,2
OL,Chris Williams,33,2006,76,78,56,69,74,79,2.0,1
OL,Alex Kupper,30,2009,57,65,79,66,76,79,1.9,2
OL,William Campbell,29,2010,76,59,84,68,79,73,1.9,3
OL,Cyril Richardson,32,2005,95,55,78,77,81,69,2.0,2
K,Dan Carpenter,29,2009,82,80,77,96,93,89,3.8,3
K,Jordan Gay,25,2014,59,64,78,95,78,64,2.2,4
S,Aaron Williams,25,2013,66,75,83,74,90,64,3.4,3
S,Duke Williams,24,2015,105,61,90,72,88,67,2.6,3
CB,Corey Graham,30,2009,95,83,89,86,86,113,4.6,3
CB,Stephon Gilmore,24,2015,87,78,87,85,91,102,4.3,5
CB,Leodis McKelvin,30,2009,95,81,87,81,88,95,3.9,4
CB,Nickell Robey,23,2014,80,74,87,78,87,66,2.9,4
CB,Ron Brooks,25,2012,81,58,83,69,91,110,2.8,3
CB,Ross Cockrell,24,2014,93,62,87,75,91,79,2.7,3
DL,Kyle Williams,32,2007,62,95,86,90,88,80,5.1,4
DL,Marcell Dareus,25,2014,102,82,87,94,95,83,5.2,4
DL,Mario Williams,30,2008,90,86,93,89,80,78,4.2,2
DL,Jerry Hughes,27,2012,90,80,90,66,79,78,2.7,4
DL,Jarius Wynn,29,2009,90,75,83,83,76,73,2.9,1
DL,Alex Carrington,28,2010,78,70,83,84,73,71,2.6,3
DL,Manny Lawson,31,2007,78,81,86,72,72,67,2.4,2
DL,Corbin Bryant,27,2010,89,68,80,86,75,67,2.6,3
LB,Nigel Bradham,26,2012,64,77,92,87,74,77,3.4,3
LB,Preston Brown,22,2015,105,75,91,85,69,75,2.9,3
LB,Randell Johnson,24,2013,95,66,80,76,74,57,1.9,4
LB,Ty Powell,31,2006,90,55,83,77,73,66,1.7,3
LB,Jimmy Gaines,25,2012,81,62,87,76,62,62,1.5,2
LB,A.J. Tarpley,28,2009,73,63,87,79,53,68,1.4,1
END_PLAYERS
New England Patriots,NE
QB,Tom Brady,20,2010,99,99,94,94,87,57,1,0,15
QB,Matt Flynn,30,2009,87,74,88,78,72,75,7.3,1
QB,Jimmy Garoppolo,23,2016,81,57,91,90,75,75,6.5,4
RB,LeGarrette Blount,28,2009,99,80,88,121,83,78,4.5,4
RB,Brandon Bolden,25,2012,108,70,85,104,87,86,3.6,2
RB,Jonas Gray,20,2012,109,104,104,115,105,110,1.0,10
RB,Tyler Gaffney,33,2006,95,60,80,102,89,79,3.0,3
WR,Julian Edelman,20,2013,99,96,99,98,97,98,1,15
WR,Danny Amendola,20,2013,99,96,99,98,97,98,1,15
WR,Brandon LaFell,28,2009,95,83,87,86,84,85,4.2,3
WR,Matthew Slater,30,2008,88,81,84,73,86,88,3.5,3
WR,Aaron Dobson,24,2015,102,67,81,79,92,85,3.4,3
WR,Brandon Gibson,28,2009,63,77,81,78,82,87,3.3,1
OL,Sebastian Vollmer,31,2006,86,88,83,83,84,93,4.3,2
OL,Nate Solder,30,2007,71,85,86,71,88,81,3.5,3
OL,Marcus Cannon,25,2013,91,74,75,80,79,82,2.9,4
OL,Bryan Stork,25,2012,59,78,83,65,86,81,2.8,3
OL,Ryan Wendell,24,2015,85,87,78,60,86,68,2.6,4
OL,Jordan Devey,29,2009,88,72,89,64,76,76,2.1,1
OL,Cameron Fleming,33,2006,57,65,81,68,83,73,2.2,4
OL,Josh Kline,31,2007,69,65,82,62,82,75,1.9,2
OL,Caylin Hauptmann,29,2010,66,63,86,63,74,76,1.7,3
OL,Tre Jackson,25,2012,69,55,81,61,85,75,1.7,2
K,Stephen Gostkowski,31,2006,60,89,78,94,95,64,3.6,1
S,Sean Taylor,20,2010,120,120,120,99,120,99,1,20
S,Patrick Chung,20,2013,99,99,99,99,99,99,1,20
CB,Malcolm Butler,25,2013,83,70,83,79,84,105,3.3,4
CB,Bradley Fletcher,29,2010,93,76,85,79,86,102,3.6,1
CB,Justin Green,31,2008,53,57,82,71,90,85,2.4,3
CB,Robert McClain,27,2010,81,70,82,74,85,98,3.0,1
CB,Darryl Roberts,32,2005,62,42,78,64,93,68,1.5,3
CB,Logan Ryan,24,2013,92,74,90,83,86,108,4.0,5
DL,J.J. Watt,20,2010,110,110,110,110,110,110,1,20
DL,Chandler Jones,25,2012,58,77,88,81,82,83,3.5,1
DL,Sealver Siliga,25,2013,58,78,81,88,89,71,3.9,1
DL,Alan Branch,30,2009,66,80,79,92,82,69,3.7,4
DL,Jabaal Sheard,26,2013,81,76,90,77,89,78,3.5,3
DL,Chris Jones,26,2011,70,75,89,87,74,67,3.0,2
DL,Antonio Johnson,27,2011,92,75,77,82,76,69,2.7,4
DL,Joe Vellano,30,2008,73,69,86,85,78,70,2.9,1
LB,Dont'a Hightower,25,2013,56,84,91,95,81,79,4.5,2
LB,Jamie Collins,25,2012,75,83,88,92,82,78,4.2,2
LB,Jerod Mayo,29,2010,70,88,91,90,76,79,4.1,4
LB,Dane Fletcher,28,2010,67,77,87,77,68,69,2.4,4
LB,Chris White,29,2008,89,73,86,81,63,62,2.1,2
LB,Jonathan Freeny,26,2011,62,71,80,75,72,61,2.0,4
END_PLAYERS
Miami Dolphins,MIA
QB,Ryan Tannehill,27,2012,76,78,93,91,79,82,10.4,1
QB,Matt Moore,31,2008,76,76,83,82,73,71,7.3,1
QB,Josh Freeman,27,2011,54,65,93,90,66,80,6.9,1
RB,Lamar Miller,24,2015,86,77,82,84,92,93,3.2,3
RB,Damien Williams,23,2016,81,52,83,89,90,86,2.4,4
RB,Jay Ajayi,22,2015,108,52,80,93,87,86,2.4,3
RB,Mike Gillislee,24,2013,102,52,86,81,86,89,2.1,5
WR,Greg Jennings,31,2008,77,90,87,85,86,88,4.6,2
WR,Kenny Stills,23,2015,102,77,86,85,92,91,4.4,3
WR,Jarvis Landry,22,2017,108,76,90,89,86,88,4.3,3
WR,DeVante Parker,23,2015,98,61,83,84,91,88,3.5,3
WR,Rishard Matthews,25,2014,86,70,89,77,83,86,3.1,2
WR,Matt Hazel,33,2004,90,55,82,74,88,88,2.6,1
OL,Branden Albert,34,2003,83,88,85,85,87,94,4.7,1
OL,Mike Pouncey,29,2008,78,81,86,76,87,81,3.6,2
OL,J.D. Walton,32,2005,82,80,89,76,72,82,2.9,3
OL,Jeff Linkenbach,32,2006,77,76,79,75,73,81,2.5,2
OL,Ja'Wuan James,26,2013,58,74,82,65,79,81,2.3,2
OL,Billy Turner,32,2005,54,64,81,72,78,84,2.3,3
OL,Jacques McClendon,34,2003,55,71,74,69,81,74,2.2,4
OL,Jason Fox,28,2011,74,72,74,67,80,70,2.1,1
OL,Sam Brenner,28,2010,60,61,81,72,81,73,2.1,1
OL,Dallas Thomas,33,2004,88,73,84,58,75,72,1.8,4
K,Caleb Sturgis,26,2012,53,74,85,93,84,59,2.7,3
S,Reshad Jones,27,2011,94,81,84,77,85,83,4.3,1
S,Louis Delmas,28,2011,94,79,83,78,84,65,3.6,2
CB,Brent Grimes,32,2007,106,91,84,88,81,95,4.3,1
CB,Brice McCain,28,2009,61,76,84,77,91,83,3.4,3
CB,Zack Bowman,30,2009,85,75,85,73,88,79,2.9,1
CB,Jamar Taylor,24,2015,85,50,90,69,91,113,2.7,5
CB,Will Davis,25,2014,60,66,80,74,87,71,2.4,1
CB,Bobby McCain,22,2016,84,41,87,75,89,91,2.1,3
DL,Ndamukong Suh,28,2009,100,84,95,98,80,86,4.9,3
DL,Cameron Wake,33,2004,51,87,86,76,79,82,3.4,4
DL,C.J. Mosley,23,2016,94,79,78,87,85,72,3.6,4
DL,Olivier Vernon,24,2015,85,75,89,83,82,77,3.4,3
DL,Earl Mitchell,27,2012,50,81,81,80,75,72,2.9,1
DL,Derrick Shelby,26,2012,71,68,79,76,76,74,2.3,1
DL,Terrence Fede,23,2015,88,57,83,76,78,75,2.1,4
DL,Anthony Johnson,30,2007,85,58,81,78,81,72,2.3,2
LB,Koa Misi,28,2010,88,84,91,90,79,78,4.1,4
LB,Spencer Paysinger,27,2010,57,80,81,83,68,69,2.6,1
LB,Jelani Jenkins,23,2014,89,75,87,77,69,79,2.5,3
LB,Kelvin Sheppard,27,2010,89,74,89,82,66,63,2.3,4
LB,Chris McCain,23,2016,103,67,83,66,71,70,1.7,3
LB,Jordan Tripp,24,2015,100,45,87,75,67,68,1.3,4
END_PLAYERS
Tennessee Titans,TEN
QB,Marcus Mariota,23,2016,108,60,92,89,79,91,7.7,3
QB,Zach Mettenberger,24,2014,99,62,83,95,75,58,6.5,3
QB,Charlie Whitehurst,33,2004,61,71,81,84,72,65,6.5,2
RB,Antonio Andrews,23,2014,105,49,91,109,78,78,2.7,5
RB,David Cobb,22,2017,102,60,85,103,84,77,2.9,4
RB,Dexter McCluster,27,2011,65,76,86,57,88,93,2.0,3
RB,Bishop Sankey,22,2016,85,69,84,88,89,91,3.0,5
WR,Kendall Wright,25,2014,105,82,89,88,90,94,4.8,4
WR,Harry Douglas,30,2009,99,81,84,84,84,94,4.1,3
WR,Hakeem Nicks,27,2010,87,81,89,82,85,81,3.9,4
WR,Jacoby Ford,34,2005,84,71,74,74,93,90,3.3,4
WR,Justin Hunter,24,2013,81,69,80,75,90,93,3.3,4
WR,Clyde Gates,27,2010,56,64,82,69,93,92,3.0,1
OL,Chance Warmack,34,2004,77,78,92,86,93,77,4.4,1
OL,Andy Levitre,30,2008,76,88,91,69,85,76,3.4,4
OL,Taylor Lewan,26,2013,93,72,89,74,91,84,3.4,1
OL,Byron Bell,33,2005,50,76,82,79,82,67,2.9,3
OL,Brian Schwenke,25,2012,85,74,89,75,80,74,2.8,4
OL,Jamon Meredith,27,2011,64,71,79,85,78,73,2.9,1
OL,Fernando Velasco,29,2010,57,79,76,60,76,79,2.0,4
OL,Byron Stingily,31,2007,81,69,79,67,77,79,2.1,2
OL,Gabe Ikard,27,2011,71,71,87,61,73,76,1.8,2
OL,Andy Gallik,34,2005,77,60,88,66,73,79,1.8,3
K,Ryan Succop,28,2010,93,80,80,90,85,75,2.9,4
S,Da'Norris Searcy,26,2011,57,76,87,75,86,78,3.8,3
S,Michael Griffin,30,2008,64,81,87,70,87,55,3.4,3
CB,Jason McCourty,28,2011,100,85,78,83,92,124,4.9,3
CB,Perrish Cox,28,2010,71,80,83,82,84,88,3.5,4
CB,Brandon Harris,33,2006,86,67,91,72,88,103,3.1,3
CB,Blidi Wreh-Wilson,25,2013,87,67,81,72,87,96,2.8,4
CB,Jemea Thomas,26,2012,96,50,88,70,87,117,2.6,2
CB,Coty Sensabaugh,26,2013,91,67,84,73,90,66,2.5,2
DL,Angelo Blackson,22,2016,95,53,79,76,82,68,2.0,3
DL,Jurrell Casey,25,2013,105,84,86,91,90,85,4.8,3
DL,Sammie Hill,28,2011,63,79,78,86,79,70,3.2,1
DL,DaQuan Jones,23,2015,100,64,81,85,87,71,3.0,5
DL,Karl Klug,27,2012,77,71,83,80,69,76,2.4,4
DL,Mike Martin,25,2014,93,70,81,84,71,72,2.5,3
DL,Ropati Pitoitua,30,2007,62,78,76,91,85,74,3.8,4
DL,Al Woods,28,2011,87,73,80,93,84,67,3.6,4
LB,Brian Orakpo,29,2008,82,82,84,85,83,66,3.5,2
LB,Derrick Morgan,26,2012,54,82,88,76,84,78,3.4,1
LB,Wesley Woodyard,29,2010,93,83,91,80,65,80,2.8,1
LB,Avery Williamson,23,2015,94,75,86,89,68,68,2.8,3
LB,Zach Brown,25,2012,92,74,80,85,71,71,2.6,1
LB,Jonathan Massaquoi,29,2008,79,72,81,76,70,64,2.1,2
END_PLAYERS
Jacksonville Jaguars,JAC
QB,Blake Bortles,23,2016,110,67,91,91,71,79,7.7,5
QB,Chad Henne,30,2007,88,73,88,89,69,64,7.3,4
QB,Jeff Tuel,28,2010,79,60,82,81,68,73,5.1,2
RB,Toby Gerhart,28,2009,84,75,91,106,86,84,3.9,2
RB,Bernard Pierce,24,2013,100,72,83,103,89,80,3.5,4
RB,T.J. Yeldon,23,2016,109,60,82,102,88,84,3.1,5
RB,Storm Johnson,32,2007,94,62,85,102,85,81,3.0,1
WR,Allen Robinson,22,2015,95,70,85,84,85,89,3.6,4
WR,Ace Sanders,23,2014,88,71,84,76,87,95,3.4,5
WR,Marqise Lee,23,2015,109,64,88,79,88,92,3.4,4
WR,Tandon Doss,30,2007,75,73,85,80,84,84,3.3,3
WR,Allen Hurns,23,2014,83,67,85,79,87,88,3.3,3
WR,Bryan Walters,27,2012,61,71,84,77,81,87,3.0,2
OL,Zane Beadles,32,2007,76,81,89,78,74,89,3.2,1
OL,Brandon Linder,29,2008,62,76,86,72,85,93,3.3,4
OL,Luke Joeckel,34,2004,66,79,89,74,85,78,3.3,4
OL,Jermey Parnell,28,2010,54,75,80,67,89,85,2.9,2
OL,Stefen Wisniewski,33,2005,75,82,90,63,88,74,3.0,4
OL,Luke Bowanko,31,2008,62,75,82,71,86,74,2.8,3
OL,Sam Young,25,2014,91,74,81,77,77,76,2.7,2
OL,A.J. Cann,34,2003,66,63,84,75,85,79,2.6,4
OL,Austin Pasztor,25,2014,80,76,81,63,80,74,2.2,4
OL,Josh Wells,27,2010,53,61,82,70,86,76,2.3,3
K,Josh Scobee,33,2004,55,85,74,91,88,84,3.3,1
S,Sergio Brown,27,2011,95,75,83,74,86,71,3.4,2
S,Johnathan Cyprien,25,2014,73,71,89,67,88,72,3.2,2
CB,Dwayne Gratz,25,2012,93,69,92,75,89,113,3.6,4
CB,Davon House,26,2012,90,77,83,80,88,85,3.4,2
CB,Demetrius McCray,24,2014,94,71,84,76,86,98,3.2,3
CB,Aaron Colvin,23,2015,93,64,79,76,88,105,3.0,3
CB,Jeremy Harris,24,2015,82,63,84,69,88,91,2.5,5
CB,Tommie Campbell,27,2010,80,56,81,63,88,107,2.3,1
DL,Sen'Derrick Marks,28,2009,73,84,82,82,80,82,3.6,1
DL,Jared Odrick,27,2010,56,83,82,83,78,78,3.4,4
DL,Tyson Alualu,28,2009,95,81,83,87,82,65,3.5,1
DL,Roy Miller,28,2011,88,76,85,87,84,66,3.5,1
DL,Ziggy Hood,30,2008,51,80,80,81,73,72,2.8,2
DL,Chris Clemons,33,2006,77,87,78,67,67,71,2.1,1
DL,Ryan Davis,26,2012,51,69,80,74,68,75,2.0,4
DL,Abry Jones,24,2014,86,64,82,86,69,68,2.2,5
LB,Paul Posluszny,30,2008,59,92,93,88,63,75,3.4,3
LB,Dan Skuta,29,2009,61,80,86,87,75,68,3.2,4
LB,Telvin Smith,24,2015,101,73,83,86,69,72,2.6,4
LB,LaRoy Reynolds,24,2014,84,67,83,78,66,67,1.9,5
LB,Jeremiah George,23,2014,107,56,85,84,66,69,1.9,3
LB,John Lotulelei,27,2011,75,62,86,83,64,62,1.8,1
END_PLAYERS
Houston Texans,HOU
QB,Brian Hoyer,29,2008,84,73,81,84,70,67,6.9,4
QB,Ryan Mallett,27,2010,77,63,87,97,74,49,6.5,4
QB,Tom Savage,25,2012,78,54,85,94,72,62,5.4,4
RB,Arian Foster,29,2009,109,90,89,116,82,91,4.9,4
RB,Chris Polk,25,2012,85,67,82,104,89,83,3.4,2
RB,Alfred Blue,24,2013,82,70,80,100,84,79,3.1,3
RB,Jonathan Grimes,25,2014,102,62,86,94,86,84,2.8,2
WR,DeAndre Hopkins,23,2015,90,83,92,92,85,88,4.8,3
WR,Nate Washington,32,2006,94,87,86,83,84,91,4.3,2
WR,Cecil Shorts,27,2012,72,78,85,83,86,91,4.0,4
WR,Damaris Johnson,25,2013,57,75,80,77,86,94,3.5,1
WR,Keshawn Martin,25,2014,54,70,82,74,90,94,3.4,4
WR,Jaelen Strong,23,2016,104,45,82,83,91,82,2.6,4
OL,Duane Brown,27,2012,100,91,88,86,87,93,4.9,2
OL,Brandon Brooks,30,2008,108,79,74,87,97,78,4.3,2
OL,Derek Newton,25,2012,93,77,83,76,96,79,3.8,3
OL,Ben Jones,33,2005,63,77,92,78,82,76,3.3,1
OL,Jeff Adams,28,2011,55,69,88,60,72,82,1.8,2
OL,Bryan Witzmann,33,2006,55,62,82,74,81,71,2.2,3
OL,James Ferentz,33,2005,55,62,87,65,73,81,1.8,1
OL,Xavier Su'a-Filo,30,2007,79,57,86,72,78,79,2.1,4
OL,David Quessenberry,25,2014,74,63,83,58,84,75,1.8,3
OL,Cody White,25,2014,78,65,82,57,79,73,1.6,2
K,Randy Bullock,25,2013,97,72,74,95,88,86,3.1,1
S,Rahim Moore,25,2014,61,82,86,79,84,68,4.0,3
S,Stevie Brown,32,2006,60,74,87,68,85,72,3.2,2
CB,Johnathan Joseph,31,2008,80,92,83,89,89,86,4.6,3
CB,Kareem Jackson,27,2010,80,84,80,87,89,105,4.5,4
CB,Kevin Johnson,23,2014,109,64,87,75,88,98,3.0,4
CB,A.J. Bouye,24,2014,97,71,82,73,86,88,2.8,5
CB,Darryl Morris,25,2014,95,59,84,71,93,95,2.8,4
CB,Andre Hal,23,2016,99,65,82,73,92,81,2.7,3
DL,Andre Heartstock,26,2012,107,92,95,97,95,87,6.3,1
DL,Vince Wilfork,33,2004,92,98,86,96,94,72,5.8,4
DL,Jared Crick,26,2012,63,75,83,78,79,71,2.8,4
DL,Louis Nix III,26,2013,51,62,77,86,89,74,3.1,3
DL,Brandon Deaderick,33,2005,94,73,88,85,73,64,2.7,4
DL,Tevita Finau,27,2011,64,65,81,77,81,70,2.4,4
DL,Jeoffrey Pagan,22,2016,82,52,74,87,79,71,2.2,5
DL,Christian Covington,21,2017,109,50,77,77,72,69,1.5,4
LB,Brian Cushing,28,2010,72,88,89,81,75,75,3.4,4
LB,Whitney Mercilus,25,2012,63,77,81,87,76,64,3.0,4
LB,Akeem Dent,27,2012,53,74,90,87,75,63,3.0,1
LB,Mike Mohamed,29,2010,66,78,86,80,66,78,2.6,3
LB,Benardrick McKinney,23,2015,84,67,85,89,72,55,2.4,4
LB,Justin Tuggle,25,2012,60,72,85,81,68,70,2.3,2
END_PLAYERS
Indianapolis Colts,IND
QB,Bryan Bennett,27,2011,65,46,82,89,67,77,4.1,1
QB,Matt Hasselbeck,39,2000,73,87,85,79,68,64,8.1,1
QB,Andrew Luck,25,2014,80,85,88,95,84,85,12.4,3
RB,Frank Gore,32,2005,81,93,91,105,81,85,4.3,4
RB,Daniel Herron,26,2011,92,75,85,100,85,86,3.5,1
RB,Vick Ballard,25,2014,91,71,84,106,84,79,3.4,1
RB,Zurlon Tipton,25,2013,101,61,85,104,82,86,3.0,1
WR,T.Y. Hilton,25,2012,105,87,86,92,92,96,5.4,4
WR,Andre Johnson,34,2003,65,96,94,87,84,85,5.0,2
WR,Donte Moncrief,22,2017,84,66,86,81,92,87,3.6,5
WR,Vincent Brown,26,2011,53,76,87,78,84,89,3.5,2
WR,Phillip Dorsett,23,2015,89,59,78,80,96,96,3.5,4
WR,Griff Whalen,25,2012,85,72,90,79,85,85,3.4,3
OL,Anthony Castonzo,28,2010,76,85,84,75,85,96,3.9,1
OL,Todd Herremans,28,2011,95,87,86,80,86,70,3.8,1
OL,Gosder Cherilus,29,2008,91,87,85,72,82,73,3.2,4
OL,Joe Reitz,27,2010,91,77,83,82,79,80,3.2,1
OL,Jack Mewhort,27,2011,60,73,83,73,87,78,3.0,1
OL,Jonotthan Harrison,30,2009,78,72,83,75,82,72,2.7,1
OL,Hugh Thornton,29,2010,65,73,87,74,76,77,2.6,1
OL,Donald Thomas,29,2008,79,73,73,69,86,75,2.5,2
OL,Khaled Holmes,33,2005,83,73,83,62,76,79,2.0,2
OL,Lance Louis,31,2007,68,75,77,68,76,70,2.1,2
K,Adam Vinatieri,42,1995,90,93,82,88,91,79,3.7,4
S,Mike Adams,34,2005,83,83,81,81,82,67,4.0,3
S,Dwight Lowery,29,2009,64,80,87,75,83,72,3.8,4
CB,Vontae Davis,27,2012,92,89,87,93,88,110,5.3,4
CB,Greg Toler,30,2008,94,79,84,80,87,113,4.0,2
CB,Darius Butler,29,2010,91,79,88,78,88,100,3.8,1
CB,Chance Casey,25,2013,64,61,83,73,88,98,2.7,4
CB,Jalil Brown,27,2011,89,56,85,71,88,98,2.5,2
CB,D'Joun Smith,29,2008,54,49,81,73,92,85,2.2,3
DL,Henry Anderson,24,2013,93,64,80,81,83,71,2.6,4
DL,Josh Chapman,25,2012,75,73,77,89,82,68,3.2,2
DL,Montori Hughes,25,2012,53,65,81,84,78,71,2.6,4
DL,Arthur Jones,29,2009,59,74,86,91,81,70,3.5,4
DL,Zach Kerr,25,2012,68,62,75,87,82,74,2.8,2
DL,Kendall Langford,29,2009,57,87,85,86,84,69,3.9,2
DL,David Parry,23,2015,99,55,82,91,81,65,2.6,4
DL,Kelcy Quarles,32,2005,71,53,80,84,72,68,1.9,4
LB,D'Qwell Jackson,31,2008,83,92,88,87,70,75,3.6,1
LB,Robert Mathis,34,2003,67,93,85,80,80,68,3.6,2
LB,Trent Cole,32,2006,70,88,88,77,79,66,3.2,3
LB,Nate Irving,27,2010,82,75,87,89,72,72,3.1,3
LB,Jerrell Freeman,29,2009,72,77,87,83,72,76,2.9,1
LB,Erik Walden,30,2007,67,76,84,80,79,67,2.9,1
END_PLAYERS
Denver Broncos,DEN
QB,Peyton Manning,39,2000,58,99,93,85,86,52,12.4,3
QB,Brock Osweiler,24,2015,96,60,90,95,73,77,6.9,3
QB,Zac Dysert,30,2009,90,55,86,85,72,73,5.1,1
RB,Montee Ball,24,2013,101,69,93,107,87,83,3.8,4
RB,C.J. Anderson,24,2015,105,73,86,106,84,89,3.7,3
RB,Juwan Thompson,23,2016,85,61,86,104,86,87,3.2,5
RB,Jeremy Stewart,25,2012,88,61,83,102,85,88,3.1,2
WR,Demaryius Thomas,27,2012,81,88,90,93,90,94,5.5,2
WR,Emmanuel Sanders,28,2009,96,89,83,92,89,94,5.2,4
WR,Andre Caldwell,30,2009,58,79,74,74,89,87,3.4,1
WR,Kyle Williams,32,2007,95,70,71,73,91,93,3.1,1
WR,Cody Latimer,22,2016,97,49,85,82,90,88,2.9,5
WR,Jordan Norwood,28,2011,80,69,75,73,82,93,2.7,1
OL,Louis Vasquez,31,2007,95,92,92,89,73,90,4.3,1
OL,Ryan Clady,28,2010,94,90,86,75,78,88,3.6,4
OL,Ryan Harris,31,2008,50,84,77,67,78,85,2.7,2
OL,Chris Clark,29,2008,66,78,77,65,78,89,2.5,3
OL,Gino Gradkowski,32,2007,54,74,88,74,78,71,2.6,3
OL,Shelley Smith,26,2011,73,74,81,70,80,73,2.4,3
OL,Max Garcia,31,2006,93,64,84,80,73,77,2.3,1
OL,Ben Garland,29,2009,89,61,87,67,79,76,2.0,4
OL,Ty Sambrailo,32,2007,74,62,83,55,77,81,1.5,3
OL,Matt Paradis,32,2007,56,54,84,64,81,74,1.7,1
K,Connor Barth,29,2008,94,74,76,88,93,69,2.8,2
K,Brandon McManus,24,2015,97,72,81,97,78,69,2.6,3
S,Darian Stewart,27,2011,80,80,88,74,85,79,4.0,1
S,T.J. Ward,28,2010,60,81,94,66,86,87,4.0,3
CB,Chris Harris Jr.,33,2004,65,93,89,96,89,98,5.5,3
CB,Aqib Talib,29,2008,96,91,88,88,87,98,4.8,2
CB,Bradley Roby,23,2016,96,71,83,80,94,86,3.5,5
CB,Kayvon Webster,24,2013,109,62,91,70,91,120,3.3,4
CB,Tony Carter,31,2006,65,73,78,76,88,83,2.9,3
CB,Curtis Marsh,31,2006,93,55,86,71,89,108,2.7,1
DL,Marvin Austin Jr.,29,2008,72,69,77,77,74,70,2.2,3
DL,Malik Jackson,25,2013,79,74,82,77,90,80,3.4,1
DL,Darius Kilgo,23,2015,87,43,79,92,75,65,2.0,5
DL,Gerald Rivers,27,2011,59,52,78,71,67,68,1.2,1
DL,Antonio Smith,33,2004,50,87,89,85,69,72,3.2,4
DL,Vance Walker,28,2010,71,79,83,79,79,75,3.1,2
DL,Sylvester Williams,26,2012,63,72,81,84,75,73,2.8,4
DL,Derek Wolfe,25,2012,66,78,81,89,88,72,3.9,2
LB,Von Miller,26,2013,81,86,91,94,93,73,5.1,3
LB,Brandon Marshall,31,2007,81,83,87,89,71,82,3.5,4
LB,Danny Trevathan,25,2013,90,78,90,92,69,77,3.4,1
LB,DeMarcus Ware,33,2005,58,87,86,73,74,70,2.8,1
LB,Steven Johnson,31,2007,86,70,85,82,61,65,2.0,3
LB,Lerentee McCray,25,2013,80,66,81,73,74,57,1.8,2
END_PLAYERS
Kansas City Chiefs,KC
QB,Alex Smith,31,2008,94,87,91,84,77,76,10.4,2
QB,Chase Daniel,28,2011,68,70,94,82,72,73,7.3,2
QB,Aaron Murray,24,2014,98,53,86,85,72,73,5.1,5
RB,Jamaal Charles,28,2010,90,91,85,86,92,98,4.0,3
RB,Knile Davis,23,2015,95,72,80,113,92,86,4.2,5
RB,Cyrus Gray,25,2013,60,61,83,78,88,85,2.2,1
RB,Charcandrick West,24,2015,83,44,79,86,90,85,2.0,5
WR,Jeremy Maclin,27,2011,93,87,84,91,87,93,4.9,1
WR,Jason Avant,32,2007,64,84,91,81,79,82,3.7,4
WR,De'Anthony Thomas,22,2016,99,68,72,79,92,97,3.5,5
WR,Albert Wilson,23,2016,101,69,82,78,91,88,3.5,3
WR,Chris Conley,23,2015,95,56,83,75,94,91,3.0,5
WR,Junior Hemingway,28,2011,57,69,86,75,86,81,3.0,4
OL,Ben Grubbs,33,2006,60,86,89,73,80,82,3.4,1
OL,Eric Fisher,25,2014,68,75,90,73,85,80,3.1,3
OL,Paul Fanaika,25,2014,92,78,79,74,76,81,2.7,3
OL,Donald Stephenson,30,2008,69,70,86,76,83,74,2.8,1
OL,Zach Fulton,29,2009,76,68,84,72,82,78,2.5,2
OL,Jeff Allen,30,2007,74,72,79,66,83,74,2.3,2
OL,Eric Kush,26,2013,81,70,84,67,79,76,2.2,4
OL,Mitch Morse,29,2008,69,62,84,81,72,78,2.3,2
OL,Derek Sherrod,26,2012,86,66,78,75,80,73,2.3,2
OL,Laurent Duvernay-Tardif,29,2008,54,48,88,89,77,74,2.4,3
K,Cairo Santos,23,2014,104,67,79,85,88,80,2.5,4
S,Tyvon Branch,28,2011,63,81,87,75,91,69,4.3,3
S,Ron Parker,28,2009,64,76,81,79,91,62,3.8,2
CB,Sean Smith,28,2011,84,88,85,90,86,108,4.9,3
CB,Marcus Cooper,25,2012,105,67,85,70,89,103,3.0,4
CB,Phillip Gaines,24,2015,86,66,82,79,94,73,3.0,3
CB,Sanders Commings,32,2007,109,52,86,70,91,120,2.9,4
CB,Jamell Fleming,26,2012,90,60,82,78,89,79,2.6,4
CB,Steven Nelson,21,2017,91,52,90,68,90,102,2.5,5
DL,Mike DeVito,31,2006,50,88,87,91,92,71,4.8,3
DL,Dontari Poe,25,2014,83,78,92,97,85,77,4.6,1
DL,Allen Bailey,26,2013,89,76,88,89,78,75,3.5,3
DL,Jaye Howard,26,2013,74,72,72,76,85,76,2.8,4
DL,Vaughn Martin,32,2006,66,71,75,87,78,68,2.8,4
DL,Nick Williams,24,2013,98,68,80,83,78,68,2.6,5
DL,Jerel Worthy,24,2014,100,65,79,82,84,66,2.7,4
DL,Rakeem Nunez-Roches,22,2016,108,55,80,80,85,68,2.3,3
LB,Justin Houston,26,2011,75,89,88,92,93,75,5.1,1
LB,Derrick Johnson,32,2005,76,93,90,93,68,82,4.1,3
LB,Tamba Hali,31,2007,63,92,90,82,82,73,4.0,3
LB,Josh Mauga,28,2010,66,76,83,82,69,72,2.6,4
LB,James-Michael Johnson,26,2013,63,72,86,83,66,73,2.4,3
LB,Frank Zombo,28,2011,55,77,88,82,63,71,2.4,4
END_PLAYERS
San Diego Chargers,SD
QB,Kellen Clemens,32,2007,90,70,84,83,74,67,6.9,3
QB,Philip Rivers,33,2006,54,89,97,87,85,57,11.4,3
QB,Brad Sorensen,28,2010,85,41,85,91,70,67,3.8,3
RB,Donald Brown,28,2011,99,78,84,102,86,78,3.6,3
RB,Melvin Gordon,23,2015,101,63,87,93,91,91,3.1,5
RB,Branden Oliver,24,2015,89,65,84,91,87,91,2.9,3
RB,Jahwan Edwards,33,2004,63,53,80,100,84,78,2.5,1
WR,Stevie Johnson,29,2009,75,87,95,86,86,84,4.6,3
WR,Keenan Allen,23,2016,105,78,88,93,85,91,4.6,5
WR,Malcom Floyd,25,2013,60,88,80,88,82,85,4.2,2
WR,Jacoby Jones,31,2007,59,81,86,74,84,88,3.5,1
WR,Austin Pettis,32,2005,95,75,83,79,84,86,3.4,1
WR,Dontrelle Inman,26,2011,55,67,84,78,87,92,3.3,4
OL,Joe Barksdale,28,2009,72,77,83,72,87,74,3.0,3
OL,King Dunlap,27,2012,96,84,65,93,94,82,4.6,1
OL,D.J. Fluker,34,2005,95,76,84,85,89,72,3.7,4
OL,Orlando Franklin,28,2010,63,82,85,82,87,90,4.1,1
OL,Chris Hairston,24,2013,107,74,84,64,85,81,2.6,5
OL,Trevor Robinson,24,2014,109,73,84,79,81,73,2.9,4
OL,Johnnie Troutman,27,2010,63,75,79,89,73,72,3.0,1
OL,Chris Watt,24,2013,81,68,88,74,86,75,2.8,4
OL,Kenny Wiggins,24,2015,81,73,84,68,81,72,2.4,4
K,Josh Lambo,24,2015,80,44,77,88,86,83,1.9,4
K,Nick Novak,34,2005,63,78,75,86,91,66,2.7,1
S,Eric Weddle,30,2009,67,92,91,83,84,83,5.8,2
S,Jimmy Wilson,29,2010,80,74,86,75,86,55,3.2,2
CB,Brandon Flowers,29,2008,108,92,88,89,86,107,5.0,1
CB,Jason Verrett,24,2013,98,72,88,83,93,96,4.0,5
CB,Patrick Robinson,28,2010,89,79,83,78,87,91,3.5,3
CB,Steve Williams,24,2014,95,67,83,75,93,90,3.1,4
CB,Chris Davis,24,2013,98,60,86,66,86,100,2.4,5
CB,Richard Crawford,30,2007,93,57,84,71,86,93,2.4,4
DL,Corey Liuget,25,2013,57,83,87,91,87,75,4.4,4
DL,Sean Lissemore,27,2010,80,78,85,84,78,67,3.1,2
DL,Kendall Reyes,25,2014,80,74,80,89,77,68,3.1,2
DL,Mitch Unrein,28,2011,55,73,83,84,80,70,3.0,1
DL,Ricardo Mathews,28,2009,76,73,79,83,78,72,2.8,3
DL,Ryan Carrethers,24,2014,92,59,84,94,82,71,3.1,5
DL,Tenny Palepoi,29,2008,92,65,79,89,83,67,3.0,2
DL,Damion Square,26,2013,91,69,79,80,76,70,2.4,2
LB,Donald Butler,26,2013,90,76,86,86,72,68,2.9,4
LB,Manti Te'o,24,2015,102,77,90,85,67,77,2.9,5
LB,Melvin Ingram,26,2012,91,73,86,78,82,62,2.7,2
LB,Kavell Conner,28,2011,51,77,78,86,65,75,2.6,2
LB,Tourek Williams,24,2013,83,66,82,79,77,57,2.2,5
LB,Denzel Perryman,23,2015,104,66,88,84,65,62,2.1,4
END_PLAYERS
Oakland Raiders,OAK
QB,Derek Carr,24,2013,104,70,85,96,72,78,8.1,3
QB,Christian Ponder,27,2010,95,67,87,83,71,84,6.9,4
QB,Matt McGloin,25,2013,59,71,85,79,71,68,6.5,3
RB,Trent Richardson,25,2012,82,74,92,106,87,83,3.9,1
RB,Latavius Murray,25,2014,93,66,79,104,92,86,3.5,1
RB,Roy Helu Jr.,24,2014,98,79,76,86,90,85,3.1,3
RB,George Atkinson III,33,2005,93,55,81,93,89,87,2.6,4
WR,Michael Crabtree,27,2012,92,82,92,84,84,85,4.1,2
WR,Amari Cooper,23,2015,102,68,85,86,92,94,4.1,3
WR,Rod Streater,27,2011,73,77,87,83,88,85,3.9,4
WR,Kenbrell Thompkins,27,2010,71,73,87,76,86,90,3.4,2
WR,Brice Butler,25,2014,82,70,79,76,92,88,3.4,2
WR,Andre Holmes,27,2010,74,71,82,80,86,84,3.3,2
OL,Donald Penn,32,2005,103,90,84,91,83,95,4.9,4
OL,Rodney Hudson,31,2006,91,85,89,66,90,89,3.6,3
OL,Gabe Jackson,27,2010,95,75,83,87,85,91,4.0,1
OL,Austin Howard,34,2004,88,81,81,79,84,71,3.3,3
OL,Khalif Barnes,31,2008,70,83,80,68,72,77,2.4,4
OL,Matthew McCants,34,2003,86,67,89,82,75,79,2.8,4
OL,Lamar Mady,32,2007,91,60,82,87,81,74,2.8,1
OL,Menelik Watson,29,2010,65,69,80,77,78,72,2.4,2
OL,J'Marcus Webb,32,2007,82,73,82,67,77,78,2.3,3
OL,Tony Bergstrom,31,2006,55,71,88,59,78,73,1.9,2
K,Sebastian Janikowski,37,2000,71,92,72,97,83,81,3.5,3
K,Giorgio Tavecchio,33,2005,91,55,78,90,85,89,2.3,3
S,Charles Woodson,38,1999,81,94,91,77,82,74,5.3,1
S,Nate Allen,27,2011,75,79,81,74,86,71,3.6,3
CB,T.J. Carrie,34,2005,58,72,79,79,91,105,3.6,4
CB,D.J. Hayden,34,2003,95,72,80,78,90,105,3.6,4
CB,Chimdi Chekwa,29,2009,83,63,89,68,90,96,2.7,1
CB,James Dockery,29,2010,88,68,81,69,86,95,2.6,2
CB,Keith McGill,26,2013,110,49,78,76,88,112,2.6,4
CB,Neiko Thorpe,25,2012,91,51,85,66,91,93,2.2,1
DL,Dan Williams,28,2009,90,87,86,96,94,73,5.2,1
DL,Justin Tuck,32,2006,60,88,87,84,81,73,3.8,1
DL,C.J. Wilson,28,2011,55,75,76,90,85,67,3.5,1
DL,Justin Ellis,24,2015,93,72,80,84,87,68,3.2,5
DL,Ricky Lumpkin,29,2009,86,70,80,88,76,67,2.8,2
DL,Stacy McGee,25,2014,54,69,78,85,72,69,2.4,3
DL,Mario Edwards Jr.,29,2008,78,48,77,88,82,76,2.4,1
DL,Denico Autry,25,2013,85,62,80,75,79,67,2.1,3
LB,Khalil Mack,24,2015,85,78,94,95,85,73,4.4,4
LB,Curtis Lofton,29,2009,93,89,90,80,64,76,2.9,3
LB,Sio Moore,25,2014,85,73,87,82,76,69,2.8,4
LB,Malcolm Smith,26,2011,74,77,81,77,67,73,2.3,2
LB,Ray Ray Armstrong,32,2006,55,63,82,77,65,65,1.7,1
LB,Ben Heeney,23,2015,91,57,84,79,57,67,1.3,4
END_PLAYERS
Green Bay Packers,GB
QB,Aaron Rodgers,31,2006,80,95,83,95,88,83,14.1,3
QB,Scott Tolzien,28,2011,93,62,91,83,74,66,6.1,1
QB,Brett Hundley,23,2015,94,47,87,91,72,83,5.1,4
RB,Eddie Lacy,25,2013,101,85,91,119,85,87,4.9,2
RB,James Starks,29,2008,84,75,83,98,86,88,3.4,1
RB,Rajion Neal,25,2012,84,66,83,106,86,82,3.4,4
RB,Alonzo Harris,22,2016,93,48,85,104,84,83,2.6,4
WR,Jordy Nelson,30,2007,97,96,89,95,87,89,5.7,1
WR,Randall Cobb,25,2013,108,87,88,93,88,97,5.3,4
WR,Davante Adams,22,2016,93,70,85,84,86,87,3.6,4
WR,Jeff Janis,24,2014,95,64,82,78,93,93,3.5,4
WR,Jared Abbrederis,24,2014,88,62,87,77,88,86,3.0,5
WR,Myles White,25,2012,90,57,81,73,90,89,2.7,2
OL,Josh Sitton,30,2009,87,92,84,82,88,96,4.8,3
OL,T.J. Lang,26,2013,80,89,86,79,91,90,4.5,2
OL,Bryan Bulaga,25,2014,79,80,84,75,83,94,3.5,3
OL,Corey Linsley,24,2015,96,75,85,84,89,87,4.0,5
OL,David Bakhtiari,27,2012,62,82,81,74,73,92,2.9,4
OL,Don Barclay,33,2004,83,75,86,70,77,79,2.5,4
OL,J.C. Tretter,30,2009,88,65,86,68,79,79,2.2,4
OL,Garth Gerhart,31,2008,56,66,84,71,77,74,2.2,1
OL,Lane Taylor,24,2014,94,61,83,80,75,73,2.2,5
OL,Brett Goode,30,2007,82,75,80,58,70,67,1.5,1
K,Mason Crosby,31,2006,64,76,86,93,91,72,3.2,1
S,Morgan Burnett,26,2012,81,80,86,67,85,82,3.8,3
S,Micah Hyde,24,2013,101,73,84,77,86,69,3.4,5
CB,Casey Hayward,26,2013,81,80,82,89,88,88,4.0,4
CB,Sam Shields,27,2010,94,82,83,84,92,74,3.8,2
CB,Damarious Randall,23,2016,93,53,85,75,90,93,2.6,5
CB,Quinten Rollins,23,2015,82,49,88,69,87,115,2.5,3
CB,Demetri Goodson,26,2012,69,62,79,74,90,76,2.5,2
CB,Tay Glover-Wright,24,2013,87,58,81,70,93,74,2.3,4
DL,Mike Daniels,26,2011,88,82,87,78,88,82,3.8,2
DL,B.J. Raji,29,2008,92,84,82,94,79,70,3.9,4
DL,Josh Boyd,26,2013,55,72,79,89,82,75,3.4,4
DL,Letroy Guion,28,2011,64,77,82,84,69,71,2.7,4
DL,Bruce Gaston,23,2014,88,58,81,92,83,68,2.9,4
DL,Mike Pennel,24,2015,83,64,80,87,75,68,2.5,3
DL,Datone Jones,25,2014,58,66,83,76,71,72,2.1,3
DL,Khyri Thornton,25,2013,78,55,79,87,74,72,2.2,3
LB,Clay Matthews,29,2009,91,90,94,90,83,76,4.6,2
LB,Julius Peppers,35,2003,80,94,89,80,79,71,3.8,2
LB,Sam Barrington,24,2013,104,70,89,87,73,71,2.9,4
LB,Nick Perry,25,2013,81,76,84,81,76,64,2.7,1
LB,Mike Neal,28,2009,56,75,74,80,77,62,2.5,4
LB,Carl Bradford,22,2015,97,69,86,79,74,63,2.3,3
END_PLAYERS
Detroit Lions,DET
QB,Matthew Stafford,27,2011,63,76,91,99,78,71,9.9,3
QB,Dan Orlovsky,32,2005,75,70,88,79,71,65,6.1,3
QB,Kellen Moore,25,2012,56,69,92,75,74,54,5.8,3
RB,Joique Bell,29,2008,94,84,88,110,80,82,4.0,4
RB,George Winn,24,2013,106,54,86,106,87,84,3.1,5
RB,Zach Zenner,23,2014,94,51,82,106,86,78,2.8,5
RB,Ameer Abdullah,23,2015,91,61,83,91,87,90,2.7,4
WR,Calvin Johnson,29,2010,104,91,93,95,89,93,5.8,2
WR,Golden Tate,27,2010,89,85,91,90,88,95,5.1,3
WR,Lance Moore,32,2005,70,84,87,78,82,87,3.7,2
WR,Greg Salas,27,2010,68,68,89,80,85,85,3.3,1
WR,Jeremy Ross,27,2010,81,74,79,73,88,92,3.3,1
WR,Ryan Broyles,27,2010,67,70,79,80,85,89,3.3,3
OL,Larry Warford,30,2008,104,79,90,85,82,94,4.1,3
OL,Riley Reiff,29,2009,56,77,94,71,89,87,3.5,2
OL,Manny Ramirez,33,2004,74,86,84,77,82,75,3.4,2
OL,LaAdrian Waddle,33,2006,72,74,81,73,77,92,2.8,2
OL,Travis Swanson,28,2009,57,73,88,62,85,73,2.4,2
OL,Laken Tomlinson,29,2010,59,64,84,75,85,78,2.7,1
OL,Taylor Boggs,29,2008,75,70,84,70,78,71,2.2,3
OL,Braxston Cave,32,2007,56,68,84,68,72,76,1.9,4
OL,Darren Keyton,28,2011,92,64,85,71,76,74,2.1,2
OL,Al Bond,29,2010,90,60,84,64,84,67,1.9,4
K,Matt Prater,31,2007,97,79,70,96,89,95,3.5,2
S,Glover Quin,29,2008,89,84,89,83,85,70,4.8,4
S,James Ihedigbo,31,2008,84,80,85,71,78,77,3.4,2
CB,Rashean Mathis,35,2003,84,95,85,89,83,79,4.3,4
CB,Darius Slay,24,2015,87,77,84,84,94,93,4.1,3
CB,Chris Owens,28,2011,82,76,89,77,87,112,3.8,1
CB,Josh Wilson,30,2007,70,82,86,77,87,91,3.6,4
CB,Nevin Lawson,24,2015,80,61,88,76,89,102,3.1,3
CB,Bill Bentley,26,2012,110,56,80,78,89,96,2.7,3
DL,Haloti Ngata,31,2006,82,95,90,96,90,75,5.5,1
DL,Ezekiel Ansah,26,2013,92,74,83,84,80,81,3.3,1
DL,Jason Jones,29,2009,60,75,85,85,75,75,3.0,4
DL,Tyrunn Walker,25,2014,73,75,78,82,74,78,2.8,4
DL,Darryl Tapp,30,2008,77,73,86,71,74,70,2.2,2
DL,Jermelle Cudjo,28,2010,55,67,78,81,72,70,2.2,1
DL,Phillip Hunt,29,2010,90,66,84,74,74,71,2.1,4
DL,Xavier Proctor,29,2010,67,60,80,79,76,67,2.1,3
LB,DeAndre Levy,28,2010,83,97,91,96,74,80,4.8,4
LB,Stephen Tulloch,30,2007,87,91,91,90,69,78,3.8,2
LB,Tahir Whitehead,25,2012,52,79,84,91,72,76,3.4,1
LB,Josh Bynes,26,2013,56,72,84,83,73,64,2.5,1
LB,Kyle Van Noy,31,2006,66,62,82,82,69,70,2.0,4
LB,Julian Stanford,34,2005,57,68,78,81,67,60,1.9,4
END_PLAYERS
Minnesota Vikings,MIN
QB,Teddy Bridgewater,22,2017,89,77,92,87,81,84,9.9,5
QB,Shaun Hill,35,2003,54,79,85,77,71,62,6.9,4
QB,Mike Kafka,32,2007,87,66,88,81,69,64,5.8,4
RB,Adrian Peterson,30,2009,98,91,94,121,90,97,5.9,4
RB,Matt Asiata,28,2011,94,80,86,114,77,76,3.8,3
RB,Jerick McKinnon,23,2015,88,64,87,83,93,96,2.9,4
RB,DuJuan Harris,27,2010,57,66,85,80,88,92,2.6,4
WR,Mike Wallace,29,2009,96,84,88,87,92,92,4.9,2
WR,Jarius Wright,25,2013,95,76,91,82,91,93,4.3,1
WR,Charles Johnson,26,2013,102,71,81,82,91,90,3.8,2
WR,Adam Thielen,25,2013,66,71,84,77,88,91,3.4,1
WR,Cordarrelle Patterson,24,2015,97,69,87,70,90,97,3.3,4
WR,Stefon Diggs,21,2018,86,59,76,79,90,93,3.0,3
OL,Phil Loadholt,34,2003,75,84,91,90,90,75,4.6,3
OL,John Sullivan,27,2011,52,93,91,71,90,78,4.0,2
OL,Matt Kalil,32,2007,90,84,90,79,82,73,3.5,1
OL,Joe Berger,31,2006,82,77,85,75,84,79,3.2,3
OL,Brandon Fusco,31,2006,79,75,78,76,80,85,2.9,1
OL,David Yankey,34,2005,62,62,85,72,85,73,2.4,2
OL,Mike Harris,34,2003,69,66,84,68,77,70,2.0,4
OL,T.J. Clemmings,25,2012,52,45,87,79,85,78,2.2,1
OL,Bobby Vardaro,29,2008,57,49,81,80,81,70,2.0,1
OL,Austin Shepherd,32,2007,60,60,87,59,77,71,1.5,1
K,Blair Walsh,25,2014,82,78,82,94,84,87,3.2,3
S,Harrison Smith,26,2012,51,82,87,83,86,79,4.8,4
S,Robert Blanton,26,2013,76,77,91,77,86,79,4.0,2
CB,Captain Munnerlyn,27,2010,110,84,84,82,88,107,4.3,3
CB,Xavier Rhodes,25,2013,84,78,88,86,91,91,4.2,2
CB,Terence Newman,37,2002,72,91,85,85,85,85,4.1,1
CB,Josh Robinson,23,2015,92,76,80,79,93,93,3.7,3
CB,Trae Waynes,23,2015,88,58,87,78,95,74,2.8,4
CB,Shaun Prater,28,2011,90,59,84,76,87,93,2.7,2
DL,Sharrif Floyd,24,2013,97,76,87,84,89,82,3.9,3
DL,Linval Joseph,26,2013,70,77,79,95,88,74,4.2,1
DL,Everson Griffen,27,2011,71,82,79,76,85,80,3.4,4
DL,Brian Robison,32,2005,64,87,88,82,72,69,3.2,2
DL,Tom Johnson,31,2007,92,78,78,81,75,78,2.9,1
DL,Chigbo Anunoby,33,2004,94,61,82,91,79,69,2.8,2
DL,Scott Crichton,23,2015,92,57,86,83,83,70,2.6,5
DL,Shamar Stephen,24,2014,81,62,85,85,79,69,2.6,3
LB,Anthony Barr,23,2015,104,75,84,85,84,66,3.3,4
LB,Gerald Hodges,24,2014,93,78,88,89,66,78,3.0,4
LB,Chad Greenway,32,2005,54,90,91,79,67,72,3.0,1
LB,Audie Cole,26,2012,67,73,89,85,66,67,2.5,3
LB,Casey Matthews,24,2015,87,72,89,82,65,65,2.2,3
LB,Eric Kendricks,23,2015,94,63,83,87,64,71,2.1,5
END_PLAYERS
Chicago Bears,CHI
QB,Jay Cutler,32,2007,68,70,88,98,74,68,8.1,1
QB,Jimmy Clausen,27,2010,70,71,93,87,70,65,7.3,2
QB,David Fales,30,2008,75,54,90,83,73,64,4.7,1
RB,Matt Forte,29,2010,94,91,92,101,86,91,4.4,4
RB,Jacquizz Rodgers,25,2014,107,75,86,93,86,91,3.3,2
RB,Ka'Deem Carey,22,2017,85,65,89,100,82,83,3.0,5
RB,Jeremy Langford,23,2015,84,49,82,101,92,81,2.8,3
WR,Alshon Jeffery,25,2013,101,82,87,94,88,87,4.9,4
WR,Eddie Royal,29,2009,99,87,84,83,88,95,4.6,1
WR,Kevin White,23,2015,86,53,87,85,94,88,3.4,5
WR,Marc Mariani,28,2011,82,78,87,71,86,91,3.4,4
WR,Marquess Wilson,22,2016,81,67,88,80,87,86,3.4,4
WR,Joshua Bellamy,26,2011,78,68,84,73,88,86,3.0,1
OL,Matt Slauson,26,2012,54,84,88,87,89,78,4.4,4
OL,Will Montgomery,28,2010,52,88,84,74,79,87,3.4,4
OL,Kyle Long,34,2005,73,76,90,77,83,92,3.5,4
OL,Jermon Bushrod,33,2006,57,85,90,76,72,87,3.2,1
OL,Vladimir Ducasse,24,2015,86,73,85,87,81,68,3.2,3
OL,Jordan Mills,33,2004,93,72,83,73,83,69,2.6,1
OL,Michael Ola,29,2008,92,70,81,71,76,79,2.3,3
OL,Charles Leno,34,2003,62,66,83,66,75,78,1.9,3
OL,Hroniss Grasu,30,2009,52,62,85,60,74,83,1.6,1
OL,Jason Weaver,26,2011,92,61,81,68,77,74,1.8,3
K,Robbie Gould,33,2005,81,91,76,94,86,85,3.6,3
S,Antrel Rolle,32,2006,58,87,91,78,82,55,4.0,1
S,Ryan Mundy,30,2008,73,80,88,70,83,71,3.6,2
CB,Tim Jennings,31,2007,80,90,84,88,89,105,4.9,3
CB,Alan Ball,30,2009,109,82,85,82,83,115,4.1,1
CB,Kyle Fuller,23,2014,91,75,89,75,92,110,3.9,3
CB,Tracy Porter,29,2009,68,79,75,73,89,76,2.9,4
CB,Sherrick McManis,27,2010,88,65,81,69,86,98,2.6,3
CB,Demontre Hurst,24,2015,104,64,82,73,87,85,2.6,3
DL,Brandon Dunn,23,2014,102,52,83,78,78,70,1.9,5
DL,Ego Ferguson,23,2014,81,67,81,83,78,71,2.6,5
DL,Eddie Goldman,23,2014,84,60,83,81,85,73,2.7,4
DL,Jarvis Jenkins,27,2012,71,74,76,91,77,68,3.1,1
DL,Olsen Pierre,30,2007,72,53,79,75,84,66,2.0,3
DL,Jeremiah Ratliff,34,2005,75,88,75,85,82,76,3.7,2
DL,Will Sutton,23,2016,108,65,79,82,72,74,2.3,3
LB,Pernell McPhee,26,2012,95,85,87,82,88,65,3.8,2
LB,Shea McClellin,26,2013,75,77,82,88,75,62,3.0,2
LB,Mason Foster,26,2012,94,80,88,84,68,76,2.9,3
LB,Jared Allen,33,2005,60,93,89,70,75,61,2.8,4
LB,Lamarr Houston,28,2010,55,82,83,82,72,64,2.8,3
LB,Jon Bostic,27,2010,95,74,89,85,70,67,2.7,2
END_PLAYERS
Dallas Cowboys,DAL
QB,Tony Romo,35,2003,68,92,92,89,87,76,13.0,2
QB,Brandon Weeden,31,2008,50,70,90,91,69,71,7.3,2
QB,Dustin Vaughan,33,2006,89,46,89,88,72,63,4.1,1
RB,Darren McFadden,28,2010,87,82,76,101,90,78,3.7,1
RB,Joseph Randle,23,2014,82,71,87,86,83,88,2.7,5
RB,Ryan Williams,27,2010,100,65,74,87,87,87,2.5,2
RB,Lance Dunbar,25,2012,78,69,85,68,91,93,2.3,2
WR,Dez Bryant,26,2011,109,90,91,97,89,97,5.9,2
WR,Cole Beasley,26,2012,106,77,90,84,87,93,4.2,3
WR,Terrance Williams,26,2011,108,78,86,87,87,87,4.2,3
WR,A.J. Jenkins,30,2009,73,66,87,76,91,91,3.4,3
WR,Devin Street,24,2015,89,65,83,78,87,87,3.1,4
WR,Antwan Goodley,24,2013,85,51,79,75,91,84,2.5,4
OL,Tyron Smith,32,2007,109,84,87,88,96,94,5.3,1
OL,Travis Frederick,29,2008,93,84,89,84,99,84,5.0,2
OL,Doug Free,27,2012,90,86,90,77,92,81,4.2,1
OL,Zack Martin,26,2012,93,75,92,82,89,96,4.2,1
OL,Ronald Leary,31,2008,76,78,80,80,95,75,3.8,2
OL,Mackenzy Bernadeau,30,2009,76,78,88,86,84,72,3.7,3
OL,Darrion Weems,24,2015,91,65,78,72,77,79,2.1,5
OL,Ryan Miller,30,2009,60,59,86,78,79,73,2.3,1
OL,La'el Collins,25,2013,72,50,88,68,88,76,2.1,3
OL,Chaz Green,24,2013,80,62,82,66,73,81,1.8,3
K,Dan Bailey,27,2011,89,84,82,93,96,59,3.4,2
S,Barry Church,27,2011,69,81,93,69,81,82,3.8,4
S,Danny McCray,27,2011,79,69,84,68,87,72,2.8,4
CB,Orlando Scandrick,28,2009,66,84,87,87,90,81,4.2,1
CB,Brandon Carr,29,2008,108,83,87,79,87,105,4.1,2
CB,Corey White,25,2014,91,69,91,72,91,102,3.3,4
CB,Morris Claiborne,25,2013,95,69,87,73,89,86,2.9,4
CB,Byron Jones,23,2015,92,56,85,70,91,102,2.7,4
CB,Tyler Patmon,24,2015,110,62,83,74,88,83,2.6,3
DL,Greg Hardy,27,2010,84,80,81,86,84,82,3.8,2
DL,Jeremy Mincey,31,2006,74,83,82,86,79,76,3.6,4
DL,Tyrone Crawford,25,2013,81,73,83,81,81,80,3.1,3
DL,Nick Hayden,29,2009,67,82,86,84,76,62,3.1,2
DL,Terrell McClain,27,2010,64,74,74,92,78,70,3.2,3
DL,DeMarcus Lawrence,23,2014,94,61,83,76,77,76,2.2,3
DL,Jack Crawford,27,2012,61,67,83,69,76,71,2.0,2
DL,Lavar Edwards,25,2012,80,65,85,72,77,67,2.1,3
LB,Rolando McClain,26,2012,66,86,87,92,76,76,4.0,1
LB,Sean Lee,29,2008,79,87,82,92,70,82,3.7,2
LB,Jasper Brinkley,30,2008,86,80,89,91,74,66,3.4,3
LB,Andrew Gachkar,26,2011,91,77,82,82,74,71,2.8,3
LB,Kyle Wilber,26,2011,89,74,81,84,71,70,2.6,2
LB,Anthony Hitchens,23,2014,106,74,91,84,67,65,2.5,5
END_PLAYERS
Washington Redskins,WAS
QB,Kirk Cousins,27,2012,61,66,90,84,73,65,6.5,1
QB,Robert Griffin III,34,2005,51,68,89,92,73,89,8.6,2
QB,Colt McCoy,29,2010,79,69,93,81,72,78,7.3,2
RB,Alfred Morris,26,2012,81,83,92,117,83,79,4.5,2
RB,Matt Jones,23,2015,103,56,81,108,85,82,3.0,4
RB,Silas Redd,23,2016,99,55,80,96,82,86,2.4,5
RB,Michael Hill,32,2006,92,51,83,92,84,90,2.4,4
WR,DeSean Jackson,28,2010,106,88,85,90,92,97,5.4,1
WR,Pierre Garcon,29,2010,61,85,85,85,87,88,4.4,2
WR,Andre Roberts,27,2012,85,77,85,76,89,91,3.7,2
WR,Jamison Crowder,22,2016,99,63,87,78,90,94,3.4,3
WR,Ryan Grant,24,2013,100,65,82,80,87,93,3.3,3
WR,Colin Lockett,33,2004,77,64,79,67,90,92,2.7,2
OL,Trent Williams,29,2010,80,84,86,91,85,92,4.7,2
OL,Kory Lichtensteiger,25,2012,93,88,89,61,89,86,3.4,3
OL,Shawn Lauvao,34,2005,64,82,86,66,80,83,2.8,4
OL,Brandon Scherff,32,2005,51,64,89,77,89,80,3.1,3
OL,Tom Compton,30,2008,52,69,88,76,85,70,2.8,4
OL,Tyler Larsen,24,2013,100,58,85,88,75,77,2.6,4
OL,Josh LeRibeus,29,2010,80,62,87,69,83,76,2.3,4
OL,Morgan Moses,27,2011,55,60,83,70,79,84,2.1,2
OL,Ty Nsekhe,33,2006,95,66,78,75,79,71,2.3,4
OL,Takoby Cofield,30,2007,51,61,84,67,81,72,2.0,4
K,Kai Forbath,28,2009,104,73,81,86,90,93,3.1,3
S,Jeron Johnson,27,2012,81,66,90,70,86,73,2.8,1
S,Duke Ihenacho,26,2013,65,72,84,63,87,72,2.8,3
CB,David Amerson,23,2015,86,68,83,69,90,113,3.2,3
CB,Bashaud Breeland,23,2016,86,64,83,72,86,107,2.9,5
CB,Chris Culliver,27,2012,89,78,85,83,91,100,4.1,1
CB,DeAngelo Hall,31,2007,98,74,86,79,87,113,3.8,3
CB,Tevin Mitchel,30,2007,87,49,78,71,91,64,1.8,2
CB,Justin Rogers,24,2015,98,64,87,69,90,83,2.6,5
DL,Terrance Knighton,29,2010,87,83,84,93,90,77,4.7,3
DL,Stephen Paea,27,2012,75,80,84,98,83,78,4.4,1
DL,Jason Hatcher,33,2006,86,87,85,85,76,83,3.7,2
DL,Ricky Jean Francois,31,2007,79,77,78,83,84,72,3.3,1
DL,Chris Baker,27,2012,72,74,78,87,73,73,2.8,4
DL,Kedric Golston,32,2006,86,74,76,85,75,69,2.7,1
DL,Frank Kearse,26,2012,82,68,81,90,74,73,2.9,3
DL,Jerrell Powe,33,2005,55,72,79,92,75,67,3.0,2
LB,Ryan Kerrigan,27,2011,76,87,92,83,86,71,4.1,3
LB,Trent Murphy,24,2014,97,72,87,88,76,63,2.9,5
LB,Keenan Robinson,26,2012,78,76,83,87,70,73,2.9,1
LB,Perry Riley Jr.,29,2009,52,76,89,88,69,65,2.8,3
LB,Will Compton,25,2013,65,69,86,80,66,68,2.1,3
LB,Adam Hayward,33,2006,70,75,86,79,60,72,2.1,2
END_PLAYERS
Philadelphia Eagles,PHI
QB,Sam Bradford,27,2012,73,76,81,87,75,64,7.7,2
QB,Mark Sanchez,28,2009,79,74,85,86,74,70,7.7,1
QB,Tim Tebow,27,2012,89,72,97,84,65,85,7.7,3
RB,Kenjon Barner,25,2013,91,49,90,71,87,92,1.8,2
RB,Ryan Mathews,27,2011,84,79,83,106,90,90,4.2,1
RB,DeMarco Murray,27,2012,107,89,85,116,89,87,5.0,2
RB,Darren Sproles,32,2007,73,87,88,61,87,97,2.6,4
WR,Jordan Matthews,23,2014,80,75,89,86,90,87,4.2,3
WR,Miles Austin,31,2008,81,87,84,83,84,85,4.1,2
WR,Riley Cooper,28,2011,81,80,85,81,85,83,3.7,4
WR,Jeff Maehl,30,2007,65,70,89,78,84,88,3.3,4
WR,Nelson Agholor,23,2015,87,51,85,85,92,92,3.3,3
WR,Josh Huff,23,2016,83,66,88,77,88,89,3.3,4
OL,Allen Barbre,34,2005,92,76,84,63,83,75,2.4,3
OL,Andrew Gardner,25,2013,65,73,78,66,86,70,2.4,3
OL,Kevin Graf,30,2008,70,52,81,62,80,72,1.4,4
OL,Lane Johnson,33,2005,95,69,89,75,92,87,3.5,2
OL,Jason Kelce,26,2012,94,86,78,73,94,78,3.8,4
OL,Dennis Kelly,31,2006,67,68,86,70,70,79,2.0,1
OL,David Molk,28,2011,57,69,84,84,84,74,3.2,2
OL,Jason Peters,29,2008,108,87,85,98,96,97,6.1,1
OL,Matt Tobin,27,2010,51,70,85,64,81,71,2.1,3
OL,Julian Vandervelde,31,2008,86,60,79,64,81,73,1.8,1
K,Cody Parkey,23,2015,100,69,84,94,91,57,2.8,3
S,Malcolm Jenkins,27,2010,70,83,95,79,85,61,4.3,1
S,Earl Wolff,25,2014,67,67,88,68,90,76,3.0,4
CB,Byron Maxwell,27,2010,93,79,88,85,89,102,4.3,1
CB,Brandon Boykin,25,2014,80,76,88,82,89,105,4.0,3
CB,Nolan Carroll,28,2010,94,72,82,73,88,105,3.3,3
CB,Walter Thurmond,28,2009,73,73,84,77,88,91,3.3,4
CB,Eric Rowe,23,2014,83,54,85,71,91,119,2.9,5
CB,E.J. Biggers,28,2009,88,74,81,72,89,79,2.8,1
DL,Fletcher Cox,24,2013,110,82,85,85,94,81,4.5,5
DL,Cedric Thornton,27,2010,77,79,79,88,92,74,4.1,2
DL,Bennie Logan,25,2014,85,77,81,88,86,72,3.7,2
DL,Vinny Curry,27,2010,91,73,82,77,73,79,2.5,4
DL,Beau Allen,23,2014,93,61,84,87,82,68,2.8,3
DL,Wade Keliikipi,33,2006,53,64,78,89,81,65,2.8,4
DL,Brandon Bair,30,2008,68,69,86,75,78,68,2.4,4
DL,Taylor Hart,24,2015,106,55,87,76,80,72,2.1,4
LB,Mychal Kendricks,24,2014,93,86,84,90,77,79,3.9,4
LB,Kiko Alonso,25,2014,52,85,87,92,71,84,3.8,3
LB,Brandon Graham,27,2010,52,80,80,86,87,65,3.6,3
LB,Connor Barwin,28,2009,70,86,89,79,83,71,3.6,1
LB,DeMeco Ryans,31,2008,91,91,93,90,63,77,3.5,4
LB,Brad Jones,27,2011,62,79,84,79,71,70,2.6,3
END_PLAYERS
New York Giants,NYG
QB,Eli Manning,34,2005,63,90,96,89,80,59,10.9,2
QB,Ryan Nassib,25,2013,74,52,93,88,77,73,5.8,4
QB,Ricky Stanzi,29,2010,91,54,91,82,70,69,4.7,2
RB,Orleans Darkwa,23,2016,88,62,83,100,90,89,3.3,5
RB,Rashad Jennings,30,2008,101,81,88,112,84,81,4.2,3
RB,Shane Vereen,26,2013,97,79,86,82,87,92,3.0,4
RB,Andre Williams,23,2014,103,70,84,109,86,80,3.6,5
WR,Odell Beckham Jr.,28,2009,88,82,92,96,92,98,5.7,3
WR,Victor Cruz,28,2011,99,84,84,86,88,91,4.5,2
WR,Rueben Randle,24,2014,104,78,90,85,89,87,4.3,3
WR,Dwayne Harris,27,2012,87,77,90,80,86,90,3.8,4
WR,Preston Parker,28,2011,94,76,80,75,83,89,3.2,4
WR,Juron Criner,33,2006,53,66,86,80,82,85,3.0,3
OL,Will Beatty,28,2011,77,84,88,83,84,91,4.2,4
OL,Geoff Schwartz,25,2012,92,76,83,82,86,75,3.4,3
OL,John Jerry,27,2012,76,77,72,81,79,77,2.9,1
OL,Marshall Newhouse,31,2006,75,78,82,76,81,76,3.0,4
OL,Justin Pugh,32,2007,63,74,85,73,78,83,2.7,2
OL,Ereck Flowers,34,2003,68,57,85,87,86,82,3.1,2
OL,Brandon Mosley,30,2009,67,56,91,91,82,71,3.0,4
OL,Weston Richburg,27,2012,87,72,89,60,75,82,2.0,4
OL,Troy Kropog,25,2013,79,64,89,71,76,81,2.2,3
OL,Dallas Reynolds,27,2012,52,71,85,68,80,69,2.3,1
K,Chris Boswell,24,2014,94,50,75,92,73,73,1.6,4
K,Josh Brown,36,2003,73,84,81,89,92,80,3.4,4
S,Landon Collins,23,2014,109,52,88,61,88,83,2.0,5
S,Cooper Taylor,25,2013,85,50,83,69,88,71,1.8,3
CB,Prince Amukamara,26,2013,84,77,85,85,90,112,4.4,4
CB,Dominique Rodgers-Cromartie,29,2009,87,89,82,87,91,66,4.0,2
CB,Trumaine McBride,29,2008,61,75,86,79,84,83,3.1,1
CB,Josh Gordy,24,2014,98,73,81,77,89,76,3.0,3
CB,Mike Harris,28,2009,92,63,84,72,86,105,2.8,4
CB,Chykie Brown,34,2005,90,72,82,70,87,83,2.7,4
DL,Jason Pierre-Paul,26,2013,71,85,85,85,95,74,4.5,4
DL,Johnathan Hankins,23,2016,91,78,80,93,88,79,4.3,3
DL,Cullen Jenkins,34,2003,79,86,85,87,76,71,3.6,3
DL,Kenrick Ellis,27,2010,54,69,81,92,85,70,3.5,2
DL,Robert Ayers,30,2009,90,74,80,79,77,75,2.7,3
DL,Dominique Hamilton,32,2005,83,65,77,87,78,68,2.6,1
DL,Markus Kuhn,29,2009,63,71,80,86,72,64,2.5,2
DL,George Selvie,28,2009,87,76,81,64,73,72,2.0,3
LB,Jon Beason,30,2007,84,91,86,84,61,74,2.9,1
LB,Jameel McClain,30,2009,86,81,85,81,75,66,2.9,1
LB,Devon Kennard,24,2013,107,74,84,83,77,68,2.9,5
LB,Mark Herzlich,28,2009,65,77,89,90,58,69,2.5,3
LB,Victor Butler,31,2008,86,76,80,76,75,64,2.4,1
LB,J.T. Thomas,27,2012,84,74,86,77,65,76,2.2,1
END_PLAYERS
Atlanta Falcons,ATL
QB,Sean Renfree,25,2013,70,57,89,84,75,63,5.4,1
QB,Matt Ryan,30,2007,69,88,91,89,85,65,11.4,1
QB,T.J. Yates,28,2011,84,66,90,87,71,66,6.5,3
RB,Tevin Coleman,23,2014,100,53,85,106,93,82,3.2,3
RB,Devonta Freeman,23,2014,94,68,84,85,86,94,2.8,5
RB,Antone Smith,29,2009,80,72,83,63,91,95,2.2,3
RB,Jerome Smith,33,2006,87,66,87,104,81,83,3.1,2
WR,Julio Jones,26,2011,105,82,90,94,92,94,5.4,4
WR,Roddy White,33,2004,89,95,93,87,84,86,5.0,1
WR,Devin Hester,32,2006,89,81,84,72,91,92,3.8,3
WR,Leonard Hankerson,26,2013,60,73,82,79,90,86,3.6,1
WR,Eric Weems,30,2009,65,78,82,74,84,94,3.4,4
WR,Justin Hardy,23,2015,110,57,88,83,87,92,3.2,4
OL,Jon Asamoah,34,2005,83,79,88,72,79,88,3.1,4
OL,Chris Chester,31,2008,72,81,84,65,76,86,2.6,2
OL,Ryan Schraeder,27,2010,60,73,84,66,79,91,2.6,3
OL,Joe Hawley,32,2006,89,74,86,67,78,81,2.4,3
OL,Lamar Holmes,30,2009,83,77,81,71,73,81,2.4,1
OL,Jake Matthews,26,2011,90,75,92,60,80,82,2.4,3
OL,Tyler Polumbus,32,2007,68,79,84,64,75,75,2.2,1
OL,Harland Gunn,29,2008,68,68,82,77,79,71,2.5,3
OL,Peter Konz,34,2003,73,76,84,66,77,72,2.2,3
OL,Mike Person,28,2011,65,72,78,65,80,76,2.2,4
K,Matt Bryant,40,1999,66,88,73,90,94,58,3.2,4
S,Charles Godfrey,29,2008,86,73,89,67,87,72,3.2,4
S,Dezmen Southward,23,2015,83,65,88,69,92,67,2.8,4
CB,Phillip Adams,27,2010,72,69,83,72,86,91,2.8,3
CB,Robert Alford,26,2012,95,69,80,75,91,73,2.7,4
CB,Ricardo Allen,23,2016,94,51,90,75,88,95,2.5,3
CB,Jalen Collins,23,2016,91,44,80,77,90,96,2.3,3
CB,Desmond Trufant,25,2012,96,79,84,91,92,105,4.8,2
CB,Kevin White,23,2016,108,49,86,71,85,66,1.7,5
DL,Jonathan Babineaux,33,2006,56,87,85,87,78,73,3.7,1
DL,Tyson Jackson,29,2010,94,85,90,87,83,66,3.9,4
DL,Paul Soliai,31,2008,52,86,81,93,79,67,3.9,3
DL,Adrian Clayborn,27,2011,84,71,83,87,79,74,3.1,3
DL,Kroy Biermann,29,2010,94,75,90,79,80,70,3.0,4
DL,Stansly Maponga,29,2009,81,67,77,83,78,71,2.6,2
DL,Malliciah Goodman,25,2012,57,69,78,84,72,68,2.4,1
DL,Ra'Shede Hageman,25,2012,51,53,78,92,81,76,2.7,1
LB,Justin Durant,29,2010,74,84,89,88,70,77,3.4,2
LB,Brooks Reed,28,2010,84,80,90,86,74,66,3.2,2
LB,Paul Worrilow,25,2013,65,81,88,88,67,68,3.0,2
LB,Joplo Bartu,24,2014,93,75,81,82,69,70,2.5,4
LB,O'Brien Schofield,28,2011,95,76,78,79,71,65,2.3,3
LB,Nathan Stupar,24,2014,102,73,84,79,59,67,1.9,3
END_PLAYERS
Carolina Panthers,CAR
QB,Derek Anderson,32,2005,85,73,91,92,70,56,7.3,1
QB,Cam Newton,26,2011,100,83,93,97,78,90,11.9,2
QB,Joe Webb,28,2011,68,66,81,89,64,93,6.9,1
RB,Jonathan Stewart,28,2009,82,79,84,99,86,88,3.6,2
RB,Jordan Todman,25,2012,93,70,80,80,90,91,2.7,2
RB,Fozzy Whittaker,26,2011,59,66,80,84,87,88,2.5,2
RB,Cameron Artis-Payne,25,2014,93,44,86,95,88,83,2.3,1
WR,Kelvin Benjamin,24,2013,91,78,84,91,85,87,4.2,3
WR,Jerricho Cotchery,33,2005,57,86,93,82,80,81,3.9,3
WR,Ted Ginn Jr.,27,2010,81,80,78,74,88,94,3.6,1
WR,Corey Brown,23,2015,80,71,85,79,88,92,3.6,4
WR,Jarrett Boykin,25,2013,50,73,86,79,80,83,3.1,4
WR,Devin Funchess,23,2016,83,58,85,77,89,87,2.9,5
OL,Ryan Kalil,33,2005,52,90,91,72,95,75,4.2,1
OL,Michael Oher,34,2004,55,81,93,90,75,78,3.8,3
OL,Trai Turner,25,2013,64,73,84,74,83,88,3.1,1
OL,Andrew Norwell,28,2010,50,72,86,66,88,84,2.8,2
OL,Jonathan Martin,24,2014,98,75,86,73,81,73,2.7,5
OL,Mike Remmers,34,2005,93,72,82,71,78,88,2.6,4
OL,Nate Chandler,34,2003,89,71,82,73,83,72,2.6,1
OL,Chris Scott,33,2004,50,72,72,78,75,77,2.4,4
OL,Amini Silatolu,34,2004,95,71,88,70,83,72,2.6,1
OL,Tyronne Green,29,2008,88,69,79,76,80,73,2.5,1
K,Graham Gano,28,2011,93,81,76,98,89,52,3.0,4
S,Tre Boston,23,2016,108,71,85,74,86,73,3.2,3
S,Kurt Coleman,27,2010,63,78,86,73,84,65,3.4,1
CB,Charles Tillman,34,2003,53,89,88,81,81,125,4.6,3
CB,Josh Norman,27,2010,97,82,92,85,85,107,4.4,3
CB,Bene Benwikere,24,2013,99,77,85,84,85,95,3.7,3
CB,Melvin White,32,2006,87,69,85,73,85,110,3.1,1
CB,Carrington Byndom,25,2012,83,48,82,71,93,86,2.2,4
CB,Garry Peters,29,2008,95,49,81,67,86,78,1.7,2
DL,Star Lotulelei,25,2013,100,77,88,96,93,78,4.9,1
DL,Charles Johnson,26,2011,52,88,84,83,77,77,3.6,2
DL,Kawann Short,26,2013,73,73,79,86,84,80,3.4,3
DL,Dwan Edwards,34,2004,81,86,82,84,75,66,3.2,2
DL,Colin Cole,35,2003,50,78,79,86,76,68,3.0,2
DL,Kyle Love,28,2010,71,74,78,84,80,69,2.9,3
DL,Mario Addison,28,2009,75,73,83,73,69,74,2.1,3
DL,Wes Horton,25,2013,91,72,76,76,72,73,2.2,3
LB,Luke Kuechly,24,2013,108,96,96,98,77,84,5.3,4
LB,Thomas Davis,32,2007,77,89,83,92,74,84,4.1,1
LB,Jason Trusnik,31,2006,51,74,80,77,75,70,2.5,2
LB,A.J. Klein,24,2013,99,72,90,82,64,73,2.4,3
LB,Shaq Thompson,23,2016,89,56,87,87,66,73,2.1,4
LB,Ben Jacobs,27,2011,67,70,86,78,68,63,2.1,2
END_PLAYERS
Tampa Bay Buccaneers,TAM
QB,Mike Glennon,25,2013,86,69,86,93,73,53,6.9,3
QB,Seth Lobato,32,2005,62,40,84,90,66,77,3.5,3
QB,Jameis Winston,23,2014,82,69,95,95,79,81,9.5,4
RB,Doug Martin,26,2012,109,75,91,94,88,90,3.5,2
RB,Mike James,33,2005,93,65,82,101,87,85,3.2,4
RB,Bobby Rainey,27,2011,90,72,90,85,87,90,3.0,1
RB,Charles Sims,24,2014,100,65,87,87,89,82,2.7,4
WR,Vincent Jackson,32,2005,66,90,88,89,84,84,4.7,1
WR,Mike Evans,22,2016,95,74,92,91,87,88,4.4,5
WR,Louis Murphy Jr.,27,2011,84,78,85,75,91,86,3.7,4
WR,Kenny Bell,33,2006,62,58,84,71,93,93,2.9,1
WR,Tavarres King,30,2009,85,58,83,71,89,95,2.7,3
WR,Robert Herron,27,2011,55,51,85,72,93,91,2.7,3
OL,Logan Mankins,30,2007,57,95,92,80,88,75,4.5,3
OL,Demar Dotson,31,2008,55,82,85,87,79,91,4.0,1
OL,Evan Smith,29,2009,88,82,82,67,87,76,3.0,3
OL,Patrick Omameh,34,2004,50,70,84,63,80,75,2.1,1
OL,Reid Fragel,34,2004,68,59,86,76,80,70,2.2,1
OL,Kevin Pamphile,28,2009,72,65,81,62,85,74,2.0,3
OL,Donovan Smith,28,2009,54,55,77,63,84,79,1.7,2
OL,Josh Allen,29,2010,71,50,81,78,78,74,1.9,4
OL,Garrett Gilkey,32,2005,90,62,73,69,72,75,1.6,1
OL,Ali Marpet,25,2012,57,49,84,69,82,76,1.8,1
K,Patrick Murray,24,2014,83,64,78,92,85,84,2.6,3
S,Major Wright,27,2012,63,71,92,67,88,71,3.2,3
S,Chris Conte,26,2012,64,77,85,68,86,67,3.2,4
CB,Alterraun Verner,26,2012,95,89,84,89,85,120,5.1,3
CB,Sterling Moore,25,2013,85,78,85,80,85,103,3.7,1
CB,Johnthan Banks,25,2013,110,75,88,78,85,98,3.4,4
CB,Leonard Johnson,25,2013,57,73,90,74,83,103,3.2,3
CB,Mike Jenkins,30,2008,54,75,89,73,88,83,3.1,1
CB,Isaiah Frey,27,2012,69,67,83,74,89,96,3.0,4
DL,Gerald McCoy,27,2012,102,80,82,92,89,88,4.6,3
DL,Clinton McDonald,28,2011,52,78,83,83,81,72,3.3,2
DL,Henry Melton,28,2011,61,83,81,83,72,74,3.0,1
DL,Akeem Spence,23,2015,81,70,82,90,67,72,2.6,5
DL,William Gholston,24,2015,97,66,79,77,81,72,2.5,3
DL,Larry English,24,2013,100,71,83,72,72,69,2.1,3
DL,Matthew Masifilo,26,2012,73,67,83,93,67,62,2.5,3
DL,George Johnson,27,2010,64,74,77,67,68,74,1.8,3
LB,Lavonte David,25,2014,60,88,94,97,70,86,4.4,4
LB,Danny Lansanah,30,2008,55,78,88,86,76,75,3.3,2
LB,Bruce Carter,27,2012,68,75,77,83,70,69,2.5,4
LB,Khaseem Greene,33,2004,74,70,84,76,66,68,1.9,3
LB,Orie Lemon,28,2010,65,73,81,81,61,63,1.9,4
LB,Larry Dean,31,2006,79,69,84,76,58,60,1.5,3
END_PLAYERS
New Orleans Saints,NO
QB,Drew Brees,36,2002,92,97,92,87,87,65,13.0,1
QB,Luke McCown,34,2005,87,76,86,83,70,70,7.3,3
QB,Garrett Grayson,23,2015,98,54,84,89,75,72,5.4,3
RB,Mark Ingram,25,2014,83,79,91,107,85,87,4.1,1
RB,Tim Hightower,29,2008,89,79,84,108,82,78,3.7,4
RB,Khiry Robinson,25,2014,107,70,87,109,81,85,3.5,3
RB,C.J. Spiller,28,2011,99,81,83,78,93,95,3.2,1
WR,Marques Colston,32,2005,87,93,90,90,83,84,4.9,3
WR,Brandin Cooks,21,2017,100,75,86,86,95,96,4.7,4
WR,Josh Morgan,33,2005,62,79,85,74,86,82,3.3,3
WR,Nick Toon,26,2011,92,67,82,78,89,83,3.2,1
WR,Joseph Morgan,24,2014,93,65,69,72,90,89,2.7,5
WR,Jalen Saunders,25,2013,85,55,81,75,90,87,2.7,4
OL,Zach Strief,31,2008,91,88,87,81,82,91,4.1,1
OL,Max Unger,27,2011,62,91,89,71,95,84,4.3,1
OL,Jahri Evans,24,2013,87,88,86,83,82,72,3.8,3
OL,Tim Lelito,26,2013,81,75,85,85,85,80,3.7,4
OL,Terron Armstead,25,2013,52,73,83,66,88,86,2.9,4
OL,Mike McGlynn,29,2009,88,81,89,63,71,77,2.2,4
OL,Bryce Harris,32,2006,72,66,83,78,79,74,2.5,3
OL,Andrus Peat,27,2012,50,65,77,67,82,88,2.3,1
OL,Michael Brewster,25,2012,51,69,90,63,80,70,2.1,1
OL,Senio Kelemete,34,2005,74,69,85,64,78,70,2.0,1
K,Zach Hocker,24,2013,95,56,80,90,80,85,2.2,5
K,Dustin Hopkins,24,2014,82,61,80,93,81,78,2.4,4
S,Jairus Byrd,28,2009,64,84,90,86,83,71,4.8,1
S,Rafael Bush,28,2011,70,74,81,73,87,67,3.2,2
CB,Brandon Browner,31,2006,99,87,84,85,81,103,4.1,4
CB,Keenan Lewis,29,2010,83,77,88,79,86,112,3.9,3
CB,Kyle Wilson,28,2011,64,73,93,71,88,95,3.2,1
CB,P.J. Williams,31,2006,80,51,87,67,90,119,2.6,2
CB,Terrence Frederick,34,2004,63,58,84,68,89,103,2.6,1
CB,Brian Dixon,25,2012,53,62,87,67,91,73,2.3,2
DL,Brodrick Bunkley,31,2008,63,87,74,92,85,64,4.0,2
DL,Tyeler Davison,22,2016,89,49,78,91,71,69,2.0,5
DL,Glenn Foster,27,2012,85,63,81,86,74,74,2.5,4
DL,Akiem Hicks,25,2014,76,76,83,82,85,78,3.5,4
DL,John Jenkins,26,2011,91,71,79,92,84,68,3.4,4
DL,Cameron Jordan,26,2012,91,83,90,90,89,75,4.5,3
DL,Lawrence Virgil,32,2006,68,49,85,94,71,64,2.1,3
DL,Kevin Williams,35,2002,80,93,83,85,74,65,3.5,3
LB,Junior Galette,27,2011,59,90,88,79,87,72,4.0,4
LB,David Hawthorne,30,2009,67,87,90,84,67,70,3.1,3
LB,Parys Haralson,31,2008,84,83,87,81,74,68,3.0,4
LB,Dannell Ellerbe,29,2009,87,82,88,74,72,72,2.6,2
LB,Anthony Spencer,25,2014,82,80,84,72,71,71,2.4,2
LB,Stephone Anthony,23,2014,103,67,84,85,66,59,2.1,3
END_PLAYERS
Arizona Cardinals,ARI
QB,Carson Palmer,35,2004,72,86,85,88,79,51,9.0,3
QB,Drew Stanton,31,2007,69,69,86,89,72,74,7.3,4
QB,Logan Thomas,24,2015,83,52,89,94,69,84,5.8,4
RB,Stepfan Taylor,24,2015,108,67,93,102,79,81,3.1,5
RB,Robert Hughes,27,2012,63,70,87,103,77,78,3.0,3
RB,David Johnson,23,2015,108,53,84,103,89,84,3.0,4
RB,Andre Ellington,26,2011,70,75,84,75,90,93,2.7,1
WR,Larry Fitzgerald,32,2006,77,95,96,91,82,86,5.2,3
WR,Michael Floyd,25,2014,110,79,91,89,88,87,4.5,4
WR,John Brown,25,2012,104,75,80,85,94,97,4.4,3
WR,Jaron Brown,25,2012,85,67,82,79,91,92,3.5,4
WR,J.J. Nelson,23,2014,107,51,76,73,96,92,2.7,3
WR,Brittan Golden,27,2012,57,55,81,74,88,88,2.6,4
OL,Mike Iupati,32,2005,94,83,89,97,97,74,5.4,3
OL,Jared Veldheer,25,2013,87,85,88,88,87,94,4.8,2
OL,A.Q. Shipley,29,2009,84,77,88,75,86,78,3.3,1
OL,Ted Larsen,25,2013,94,80,86,61,83,78,2.6,1
OL,Bobby Massie,34,2005,68,75,87,59,83,80,2.4,3
OL,Bradley Sowell,31,2008,66,77,80,69,78,76,2.4,4
OL,Jonathan Cooper,28,2009,73,64,79,76,78,81,2.4,1
OL,Cameron Bradfield,27,2012,64,67,79,70,79,71,2.1,4
OL,D.J. Humphries,24,2014,102,53,87,67,79,87,1.9,4
OL,Earl Watford,25,2012,53,63,88,67,81,73,2.1,2
K,Chandler Catanzaro,24,2014,80,73,78,95,91,74,3.1,5
S,Tyrann Mathieu,23,2014,105,70,87,80,88,63,3.4,3
S,Chris Clemons,33,2005,50,74,87,72,91,65,3.4,4
CB,Patrick Peterson,25,2012,95,82,92,84,93,98,4.6,1
CB,Alfonzo Dennard,31,2008,91,73,90,79,88,102,3.7,3
CB,Jerraud Powers,28,2009,83,82,79,82,87,86,3.6,2
CB,Justin Bethel,25,2014,104,67,85,72,86,108,3.0,1
CB,Jimmy Legree,30,2007,63,59,84,70,83,95,2.3,3
CB,Darren Woodard,33,2006,63,52,81,72,87,79,2.0,4
DL,Calais Campbell,29,2009,92,88,89,87,92,83,4.9,2
DL,Cory Redding,34,2005,53,87,85,87,80,72,3.8,4
DL,Frostee Rucker,31,2008,63,88,82,81,87,71,3.8,2
DL,Corey Peters,27,2011,62,81,79,78,88,72,3.4,2
DL,Alameda Ta'amu,31,2007,67,67,80,92,86,66,3.3,3
DL,Kareem Martin,23,2016,80,60,81,79,81,71,2.4,3
DL,Josh Mauro,24,2015,87,61,88,85,79,64,2.6,5
DL,Ed Stinson,25,2013,54,56,80,88,76,71,2.4,3
LB,Daryl Washington,28,2011,76,71,93,91,81,75,3.7,1
LB,Matt Shaughnessy,30,2009,92,79,87,91,70,67,3.1,1
LB,Kevin Minter,24,2013,110,73,86,88,74,71,3.0,3
LB,Sean Weatherspoon,27,2010,58,81,85,76,77,71,2.9,1
LB,Lorenzo Alexander,32,2005,65,80,86,79,74,68,2.8,2
LB,Darryl Sharpton,26,2012,66,75,90,86,68,62,2.6,1
END_PLAYERS
San Francisco 49ers,SF
QB,Blaine Gabbert,25,2014,92,65,88,88,71,72,6.5,3
QB,Colin Kaepernick,27,2011,73,75,95,95,72,92,9.9,3
QB,Dylan Thompson,28,2009,63,49,83,86,68,75,4.4,1
RB,Reggie Bush,30,2007,95,86,76,75,87,94,2.9,4
RB,Mike Davis,23,2015,94,55,79,102,88,79,2.8,3
RB,Kendall Hunter,26,2011,76,72,75,79,88,88,2.5,2
RB,Carlos Hyde,23,2014,81,69,89,112,85,82,3.8,4
WR,Torrey Smith,26,2013,107,86,90,87,89,90,4.8,4
WR,Anquan Boldin,34,2005,77,95,91,90,77,84,4.6,2
WR,Jerome Simpson,29,2008,73,75,87,78,87,93,3.7,2
WR,Bruce Ellington,24,2015,107,53,90,78,90,94,3.0,4
WR,Dres Anderson,25,2012,95,62,78,75,88,88,2.8,3
WR,DeAndrew White,23,2016,82,60,77,72,91,93,2.8,4
OL,Joe Staley,25,2012,105,95,90,78,97,90,5.2,4
OL,Alex Boone,32,2005,61,86,81,75,87,84,3.7,3
OL,Daniel Kilgore,34,2004,77,76,86,75,90,77,3.4,1
OL,Erik Pears,26,2012,66,78,91,72,70,80,2.5,1
OL,Marcus Martin,25,2014,69,68,83,70,85,74,2.5,4
OL,Joe Looney,30,2009,76,68,86,75,79,68,2.4,3
OL,Brandon Thomas,34,2003,75,54,76,89,83,76,2.7,4
OL,Dillon Farrell,26,2011,60,58,81,73,80,73,2.0,4
OL,Andrew Tiller,29,2009,76,55,83,72,81,72,2.0,1
OL,Ian Silberman,26,2013,77,49,83,72,81,72,1.8,1
K,Phil Dawson,40,1997,73,93,76,92,89,61,3.3,3
S,Antoine Bethea,31,2007,93,91,87,77,87,70,5.0,3
S,Eric Reid,23,2016,95,67,85,72,87,78,3.0,4
CB,Chris Cook,34,2004,92,73,85,79,87,113,3.8,3
CB,Tramaine Brock,27,2012,69,76,84,80,87,90,3.4,1
CB,Shareece Wright,28,2009,102,74,87,72,89,103,3.4,2
CB,Dontae Johnson,23,2014,83,60,85,77,90,95,3.0,4
CB,Leon McFadden,31,2008,85,60,84,78,86,83,2.6,4
CB,Marcus Cromartie,24,2014,88,49,84,64,91,88,2.0,5
DL,Darnell Dockett,34,2004,82,86,88,90,79,78,4.1,1
DL,Glenn Dorsey,30,2008,86,77,87,86,88,70,3.8,1
DL,Ian Williams,26,2013,81,76,75,93,85,71,3.7,4
DL,Quinton Dial,25,2012,62,70,75,87,87,71,3.3,4
DL,Tony Jerod-Eddie,25,2014,79,75,80,83,79,73,3.0,1
DL,Arik Armstead,23,2016,91,48,75,85,85,79,2.4,4
DL,Tank Carradine,25,2012,60,50,75,83,83,80,2.3,4
DL,Kaleb Ramsey,28,2009,60,52,74,94,77,72,2.4,2
LB,NaVorro Bowman,27,2012,77,89,84,97,80,81,4.7,1
LB,Aldon Smith,25,2013,81,76,87,88,87,69,3.8,4
LB,Philip Wheeler,30,2007,82,85,88,82,71,73,3.1,3
LB,Ahmad Brooks,31,2006,85,83,88,87,68,70,3.1,2
LB,Desmond Bishop,27,2012,91,75,83,84,72,69,2.7,1
LB,Aaron Lynch,22,2017,93,75,78,77,82,65,2.7,4
END_PLAYERS
Seattle Seahawks,SEA
QB,Russell Wilson,26,2011,96,84,93,93,79,91,11.9,3
QB,Tarvaris Jackson,32,2005,67,67,83,93,70,86,7.7,1
QB,R.J. Archer,28,2009,53,64,83,82,68,74,5.8,3
RB,Marshawn Lynch,29,2008,104,97,90,124,85,87,5.7,4
RB,Christine Michael,24,2015,88,65,81,111,90,92,3.9,3
RB,Thomas Rawls,22,2017,100,47,78,99,90,79,2.5,4
RB,Robert Turbin,25,2012,89,72,87,110,90,81,4.0,2
WR,Doug Baldwin,26,2013,89,85,86,88,87,92,4.7,2
WR,Jermaine Kearse,25,2014,81,79,91,86,89,88,4.4,3
WR,Ricardo Lockette,29,2010,50,73,82,78,92,87,3.7,4
WR,Paul Richardson,23,2015,101,66,79,79,94,88,3.5,4
WR,Tyler Lockett,22,2016,102,63,81,78,92,96,3.4,4
WR,Chris Matthews,25,2013,69,67,85,81,86,89,3.4,2
OL,Russell Okung,28,2009,91,87,86,66,84,89,3.3,3
OL,Alvin Bailey,33,2004,83,70,82,76,87,78,3.0,4
OL,J.R. Sweezy,26,2012,88,77,83,67,87,72,2.7,4
OL,Justin Britt,24,2014,82,72,84,71,84,72,2.6,4
OL,Lemuel Jeanpierre,34,2005,62,74,84,67,79,75,2.4,2
OL,Mark Glowinski,30,2007,84,55,87,84,80,76,2.5,4
OL,Patrick Lewis,24,2014,96,62,87,72,71,76,1.9,4
OL,Garry Gilliam,26,2013,67,60,79,63,80,75,1.7,4
OL,Terry Poole,33,2006,60,49,84,61,72,82,1.2,4
OL,Keavon Milton,26,2012,80,55,80,56,76,73,1.2,2
K,Steven Hauschka,30,2009,97,83,78,89,93,100,3.8,4
S,Earl Thomas III,27,2011,72,86,90,87,90,75,5.5,2
S,Kam Chancellor,27,2011,81,85,93,74,83,85,4.8,3
CB,Richard Sherman,27,2012,110,97,96,96,87,113,6.2,1
CB,Cary Williams,30,2008,92,82,83,81,87,115,4.3,2
CB,Jeremy Lane,25,2012,101,75,83,80,88,107,3.8,2
CB,Marcus Burley,25,2013,96,67,84,77,93,93,3.3,4
CB,Will Blackmon,30,2009,94,77,84,75,84,100,3.3,4
CB,Tharold Simon,27,2010,102,68,80,75,87,107,3.1,1
DL,Michael Bennett,29,2010,94,87,86,91,91,82,5.0,3
DL,Brandon Mebane,30,2009,59,89,86,92,86,72,4.6,3
DL,Tony McDaniel,30,2009,52,82,75,88,85,72,3.7,1
DL,Ahtyba Rubin,29,2009,65,85,85,93,82,63,4.0,4
DL,Cliff Avril,29,2009,75,87,84,73,66,78,2.6,4
DL,Demarcus Dobbs,27,2010,59,73,84,84,77,69,2.9,2
DL,Jordan Hill,24,2014,91,68,82,84,74,79,2.7,5
DL,Jesse Williams,31,2008,58,54,82,94,88,69,3.1,4
LB,Brock Coyle,24,2015,109,67,89,79,61,62,1.8,5
LB,Bruce Irvin,27,2010,80,75,90,89,79,69,3.4,4
LB,Mike Morgan,27,2010,66,72,83,80,65,68,2.1,4
LB,Kevin Pierre-Louis,23,2016,91,62,81,80,66,64,1.7,5
LB,Bobby Wagner,25,2012,82,86,88,97,80,81,4.6,3
LB,K.J. Wright,26,2012,71,86,88,91,72,79,3.8,2
END_PLAYERS
Los Angeles Rams,LA
QB,Nick Foles,26,2011,91,73,84,90,76,63,7.7,1
QB,Austin Davis,26,2011,56,65,84,85,75,81,6.9,3
QB,Case Keenum,27,2010,64,65,81,83,72,70,5.8,1
RB,Benny Cunningham,25,2014,92,72,87,106,87,84,3.7,3
RB,Tre Mason,22,2017,108,70,86,94,88,93,3.3,5
RB,Todd Gurley,23,2016,84,54,82,106,91,88,3.2,4
RB,Malcolm Brown,23,2014,89,45,84,102,89,83,2.7,5
WR,Tavon Austin,24,2014,87,76,90,74,95,98,4.1,4
WR,Kenny Britt,26,2012,73,81,91,84,85,84,4.1,1
WR,Stedman Bailey,24,2013,80,71,90,82,87,92,3.8,5
WR,Brian Quick,26,2013,69,74,85,83,87,86,3.7,3
WR,Chris Givens,25,2014,86,69,82,71,92,91,3.2,1
WR,Damian Williams,28,2009,92,72,83,74,85,89,3.1,4
OL,Greg Robinson,29,2009,75,74,91,84,88,73,3.7,3
OL,Rodger Saffold,25,2014,89,83,79,73,74,86,2.8,1
OL,Garrett Reynolds,32,2005,58,76,88,69,82,74,2.7,4
OL,Tim Barnes,34,2005,50,73,85,61,76,82,2.1,4
OL,Barrett Jones,33,2005,73,67,87,66,78,85,2.3,2
OL,Jamon Brown,33,2004,57,63,78,71,84,73,2.2,4
OL,Brandon Washington,25,2013,56,63,82,66,81,74,2.0,3
OL,Andrew Donnal,34,2004,62,64,84,60,78,72,1.7,1
OL,Rob Havenstein,25,2013,83,58,83,54,88,71,1.6,3
OL,Demetrius Rhaney,34,2003,57,50,81,69,75,79,1.5,3
K,Greg Zuerlein,27,2011,95,74,78,95,88,86,3.2,3
S,Rodney McLeod,25,2012,59,74,86,75,84,63,3.2,3
S,T.J. McDonald,24,2015,110,72,85,70,85,75,3.2,3
CB,E.J. Gaines,23,2015,104,74,84,81,88,105,3.8,3
CB,Janoris Jenkins,26,2013,108,75,91,81,90,105,4.1,2
CB,Trumaine Johnson,25,2014,90,72,81,76,87,113,3.5,4
CB,Brandon McGee,27,2011,65,51,88,72,92,91,2.5,4
CB,Marcus Roberson,22,2016,103,47,82,74,85,71,1.8,4
DL,Aaron Donald,24,2014,102,76,90,93,90,84,4.6,3
DL,Robert Quinn,25,2013,77,82,86,87,80,83,3.9,1
DL,Nick Fairley,27,2012,73,72,88,90,88,82,4.1,2
DL,William Hayes,30,2007,81,80,80,85,91,73,3.9,3
DL,Chris Long,30,2008,80,83,89,89,74,74,3.6,3
DL,Michael Brockers,24,2013,84,74,85,84,88,75,3.6,3
DL,Eugene Sims,29,2010,67,72,77,74,75,71,2.2,1
DL,Doug Worthington,28,2011,69,62,81,85,78,67,2.5,4
LB,James Laurinaitis,28,2011,50,87,96,78,67,84,3.2,3
LB,Alec Ogletree,23,2014,85,74,87,90,74,70,3.1,4
LB,Akeem Ayers,26,2011,73,74,90,81,77,72,2.9,2
LB,Jo-Lonn Dunbar,30,2007,71,79,90,80,67,69,2.6,2
LB,Daren Bates,24,2013,100,64,89,79,60,63,1.7,5
LB,Marshall McFadden,29,2010,83,62,82,75,65,58,1.5,2
END_PLAYERS
